[-1.0,-1.0]
[67.25,67.25]
[90.0,90.0]
[90.0,90.0]
[85.0,85.0]
[-1.0,-1.0]
[66.5,66.5]
[90.0,90.0]
[-1.0,-1.0]
[44.5,44.5]
[-1.0,-1.0]
[44.5,44.5]
[44.5,46.96341463414634]
[47.025,46.96341463414634]
[-1.0,-1.0]
[-1.0,-1.0]
[29.333333333333332,29.333333333333332]
[-1.0,17.2]
[21.75,17.2]
[90.0,90.0]
[85.0,85.0]
[-1.0,-1.0]
[44.5,44.5]
[-1.0,-1.0]
[-1.0,-1.0]
[32.666666666666664,32.666666666666664]
[49.0,49.0]
[-1.0,-1.0]
[90.0,90.0]
[-1.0,29.333333333333332]
[44.5,29.333333333333332]
[-1.0,-1.0]
[53.6,53.6]
[-1.0,-1.0]
[-1.0,-1.0]
[-1.0,-1.0]
[-1.0,-1.0]
[21.75,21.75]
[-1.0,-1.0]
[90.0,90.0]
[-1.0,-1.0]
[57.125,57.125]
[-1.0,-1.0]
[40.36363636363637,40.36363636363637]
[90.0,90.0]
[-1.0,-1.0]
[-1.0,-1.0]
[44.5,44.5]
[48.63636363636363,48.63636363636363]
[71.8,59.666666666666664]
[44.5,59.666666666666664]
[90.0,90.0]
[-1.0,-1.0]
[-1.0,-1.0]
[-1.0,-1.0]
[-1.0,-1.0]
[-1.0,-1.0]
[-1.0,-1.0]
[44.25,44.25]
[-1.0,-1.0]
[90.0,90.0]
[-1.0,-1.0]
[-1.0,49.5]
[100.0,49.5]
[90.0,90.0]
[90.0,90.0]
[90.0,90.0]
[29.333333333333332,29.333333333333332]
[44.5,44.5]
[90.0,21.75]
[-1.0,21.75]
[58.354838709677416,61.2972972972973]
[76.5,61.2972972972973]
[-1.0,-1.0]
[-1.0,-1.0]
[44.5,44.5]
[29.333333333333332,41.0]
[44.5,41.0]
[44.5,41.0]
[41.0,41.0]
[23.0,23.0]
[44.5,44.5]
[-1.0,-1.0]
[35.4,35.4]
[90.0,90.0]
[-1.0,-1.0]
[44.5,44.5]
[-1.0,-1.0]
[40.6875,40.6875]
[-1.0,-1.0]
[53.6,53.6]
[-1.0,-1.0]
[47.0,55.6]
[90.0,55.6]
[47.0,47.0]
[-1.0,-1.0]
[29.333333333333332,29.333333333333332]
[24.5,19.352941176470587]
[12.0,19.352941176470587]
[90.0,90.0]
[90.0,90.0]
[44.5,44.5]
[44.5,44.5]
[-1.0,-1.0]
[51.44444444444444,51.44444444444444]
[44.5,44.5]
[-1.0,-1.0]
[-1.0,-1.0]
[35.4,35.4]
[58.21621621621622,58.21621621621622]
[90.0,90.0]
[-1.0,-1.0]
[29.333333333333332,21.75]
[-1.0,21.75]
[-1.0,-1.0]
[-1.0,-1.0]
[-1.0,-1.0]
[47.0,47.0]
[36.0,36.0]
[90.0,90.0]
[90.0,90.0]
[-1.0,38.0]
[53.6,38.0]
[90.0,90.0]
[90.0,90.0]
[44.5,44.5]
[42.833333333333336,42.833333333333336]
[59.666666666666664,59.666666666666664]
[44.5,44.5]
[-1.0,-1.0]
[49.05,49.05]
[90.0,90.0]
[44.5,44.5]
[65.58823529411765,65.58823529411765]
[-1.0,-1.0]
[-1.0,-1.0]
[-1.0,-1.0]
[-1.0,34.142857142857146]
[37.8421052631579,34.142857142857146]
[-1.0,-1.0]
[29.333333333333332,29.333333333333332]
[44.5,44.5]
[55.6,55.6]
[-1.0,-1.0]
[-1.0,-1.0]
[-1.0,44.5]
[90.0,44.5]
[-1.0,-1.0]
[90.0,90.0]
[44.5,44.5]
[90.0,90.0]
[90.0,69.75]
[63.0,69.75]
[90.0,90.0]
[44.5,44.5]
[44.5,44.5]
[-1.0,-1.0]
[49.55555555555556,49.55555555555556]
[26.3,21.75]
[-1.0,21.75]
[90.0,90.0]
[-1.0,-1.0]
[-1.0,-1.0]
[26.3,26.3]
[-1.0,-1.0]
[-1.0,-1.0]
[-1.0,25.0]
[29.333333333333332,25.0]
[-1.0,-1.0]
[29.333333333333332,14.166666666666666]
[-1.0,14.166666666666666]
[63.0,63.0]
[-1.0,-1.0]
[90.0,90.0]
[59.666666666666664,59.666666666666664]
[44.5,44.5]
[-1.0,-1.0]
[90.0,90.0]
[44.5,44.5]
[-1.0,-1.0]
[90.0,90.0]
[59.666666666666664,59.666666666666664]
[59.666666666666664,59.666666666666664]
[-1.0,-1.0]
[-1.0,-1.0]
[90.0,90.0]
[-1.0,-1.0]
[90.0,90.0]
[90.0,90.0]
[90.0,90.0]
[55.84444444444444,55.84444444444444]
[-1.0,-1.0]
[-1.0,-1.0]
[-1.0,-1.0]
[44.5,44.5]
[44.5,44.5]
[-1.0,-1.0]
[62.0,62.0]
[-1.0,-1.0]
[-1.0,-1.0]
[-1.0,9.11111111111111]
[14.166666666666666,9.11111111111111]
[-1.0,9.11111111111111]
[-1.0,-1.0]
[-1.0,-1.0]
[-1.0,-1.0]
[-1.0,-1.0]
[-1.0,-1.0]
[29.333333333333332,21.75]
[-1.0,21.75]
[-1.0,-1.0]
[-1.0,21.75]
[29.333333333333332,21.75]
[-1.0,-1.0]
[-1.0,-1.0]
[40.5,40.5]
[73.45454545454545,73.45454545454545]
[-1.0,-1.0]
[-1.0,-1.0]
[59.666666666666664,44.5]
[29.333333333333332,44.5]
[-1.0,-1.0]
[25.3,25.3]
[90.0,90.0]
[-1.0,-1.0]
[90.0,90.0]
[90.0,90.0]
[35.4,39.44444444444444]
[44.5,39.44444444444444]
[-1.0,44.5]
[90.0,44.5]
[44.5,44.5]
[29.333333333333332,29.333333333333332]
[44.5,44.5]
[-1.0,-1.0]
[-1.0,-1.0]
[-1.0,-1.0]
[-1.0,-1.0]
[29.333333333333332,29.333333333333332]
[-1.0,-1.0]
[-1.0,-1.0]
[47.0,47.0]
[-1.0,-1.0]
[38.0,38.0]
[44.5,44.5]
[90.0,90.0]
[25.857142857142858,25.857142857142858]
[-1.0,-1.0]
[-1.0,-1.0]
[49.5,49.5]
[90.0,90.0]
[90.0,92.5]
[93.33333333333333,92.5]
[90.0,90.0]
[45.333333333333336,45.333333333333336]
[90.0,90.0]
[67.25,53.6]
[-1.0,53.6]
[-1.0,-1.0]
[21.75,21.75]
[-1.0,-1.0]
[21.75,29.333333333333332]
[44.5,29.333333333333332]
[53.6,53.6]
[-1.0,-1.0]
[35.4,35.4]
[44.5,44.5]
[80.0,80.0]
[42.2,42.2]
[90.0,90.0]
[90.0,90.0]
[-1.0,-1.0]
[77.0,77.0]
[90.0,90.0]
[90.0,67.25]
[90.0,67.25]
[44.5,67.25]
[21.75,21.75]
[80.0,80.0]
[59.666666666666664,59.666666666666664]
[67.25,53.6]
[-1.0,53.6]
[-1.0,-1.0]
[95.0,47.0]
[-1.0,47.0]
[-1.0,-1.0]
[-1.0,-1.0]
[-1.0,-1.0]
[61.333333333333336,61.333333333333336]
[17.2,17.2]
[44.5,44.5]
[-1.0,-1.0]
[90.0,90.0]
[100.0,100.0]
[21.75,12.0]
[-1.0,12.0]
[-1.0,-1.0]
[-1.0,-1.0]
[44.5,44.5]
[94.5,94.5]
[52.083333333333336,55.0]
[90.0,55.0]
[-1.0,-1.0]
[90.0,90.0]
[44.5,44.5]
[15.833333333333334,15.833333333333334]
[29.333333333333332,29.333333333333332]
[-1.0,-1.0]
[-1.0,-1.0]
[-1.0,-1.0]
[47.66197183098591,47.66197183098591]
[-1.0,59.88235294117647]
[61.1,59.88235294117647]
[90.0,35.4]
[-1.0,35.4]
[-1.0,35.4]
[-1.0,-1.0]
[29.333333333333332,53.6]
[90.0,53.6]
[-1.0,-1.0]
[21.75,21.75]
[-1.0,-1.0]
[-1.0,-1.0]
[-1.0,-1.0]
[-1.0,-1.0]
[-1.0,-1.0]
[52.916666666666664,52.916666666666664]
[-1.0,-1.0]
[-1.0,-1.0]
[21.75,21.75]
[90.0,90.0]
[-1.0,-1.0]
[-1.0,-1.0]
[-1.0,-1.0]
[-1.0,-1.0]
[100.0,100.0]
[44.5,44.5]
[100.0,100.0]
[-1.0,-1.0]
[-1.0,-1.0]
[-1.0,-1.0]
[-1.0,-1.0]
[90.0,90.0]
[44.5,44.5]
[59.666666666666664,59.666666666666664]
[51.0,51.0]
[-1.0,-1.0]
[-1.0,-1.0]
[31.0,37.4]
[47.0,37.4]
[90.0,90.0]
[29.333333333333332,29.333333333333332]
[21.75,21.75]
[78.625,78.625]
[-1.0,-1.0]
[-1.0,-1.0]
[24.727272727272727,24.727272727272727]
[44.5,44.5]
[-1.0,-1.0]
[-1.0,-1.0]
[51.6,51.6]
[-1.0,-1.0]
[-1.0,-1.0]
[63.73684210526316,63.73684210526316]
[-1.0,17.2]
[-1.0,17.2]
[44.5,17.2]
[39.857142857142854,39.857142857142854]
[-1.0,-1.0]
[90.0,90.0]
[80.0,80.0]
[-1.0,-1.0]
[-1.0,-1.0]
[55.166666666666664,55.166666666666664]
[-1.0,-1.0]
[100.0,100.0]
[47.0,46.36666666666667]
[29.333333333333332,46.36666666666667]
[51.35,46.36666666666667]
[50.1875,50.1875]
[90.0,64.0]
[53.6,64.0]
[90.0,90.0]
[43.08,55.51724137931034]
[64.93939393939394,55.51724137931034]
[62.994897959183675,62.994897959183675]
[44.5,44.5]
[90.0,90.0]
[59.666666666666664,44.5]
[-1.0,44.5]
[-1.0,-1.0]
[21.75,21.75]
[45.0,45.0]
[90.0,90.0]
[-1.0,-1.0]
[90.0,90.0]
[44.5,44.5]
[-1.0,-1.0]
[41.0,41.0]
[51.82089552238806,51.82089552238806]
[90.0,74.14285714285714]
[39.5,74.14285714285714]
[86.66666666666667,74.14285714285714]
[90.0,59.666666666666664]
[-1.0,59.666666666666664]
[59.666666666666664,59.666666666666664]
[59.666666666666664,44.5]
[-1.0,44.5]
[90.0,90.0]
[29.333333333333332,21.75]
[-1.0,21.75]
[51.0,51.0]
[46.166666666666664,46.166666666666664]
[-1.0,-1.0]
[-1.0,-1.0]
[44.5,44.5]
[-1.0,-1.0]
[44.5,59.666666666666664]
[90.0,59.666666666666664]
[-1.0,-1.0]
[-1.0,-1.0]
[-1.0,-1.0]
[56.333333333333336,56.333333333333336]
[90.0,90.0]
[-1.0,-1.0]
[-1.0,-1.0]
[-1.0,-1.0]
[32.666666666666664,32.666666666666664]
[71.8,71.8]
[55.875,62.7]
[90.0,62.7]
[44.5,44.5]
[-1.0,-1.0]
[-1.0,-1.0]
[-1.0,-1.0]
[33.4,33.4]
[-1.0,-1.0]
[-1.0,-1.0]
[59.116279069767444,59.116279069767444]
[-1.0,-1.0]
[53.6,53.6]
[27.0,27.0]
[-1.0,-1.0]
[-1.0,-1.0]
[41.47692307692308,41.47692307692308]
[90.0,90.0]
[90.0,90.0]
[-1.0,-1.0]
[52.72222222222222,52.72222222222222]
[44.5,44.5]
[44.5,44.5]
[90.0,90.0]
[47.76923076923077,47.76923076923077]
[-1.0,-1.0]
[57.81818181818182,57.81818181818182]
[80.0,80.0]
[90.0,90.0]
[44.5,44.5]
[-1.0,-1.0]
[58.926829268292686,56.52]
[55.875,56.52]
[37.4,56.52]
[56.53216374269006,56.52]
[27.0,27.0]
[51.142857142857146,51.142857142857146]
[90.0,90.0]
[-1.0,-1.0]
[20.5,20.5]
[44.5,29.333333333333332]
[-1.0,29.333333333333332]
[100.0,100.0]
[61.333333333333336,58.72727272727273]
[55.6,58.72727272727273]
[95.0,95.0]
[-1.0,-1.0]
[-1.0,-1.0]
[-1.0,-1.0]
[44.5,44.5]
[44.5,44.5]
[35.0,36.486486486486484]
[90.0,36.486486486486484]
[-1.0,65.0]
[98.0,65.0]
[55.51271186440678,55.51271186440678]
[50.24561403508772,45.46376811594203]
[22.75,45.46376811594203]
[-1.0,-1.0]
[44.5,44.5]
[72.25,72.25]
[100.0,100.0]
[-1.0,-1.0]
[-1.0,-1.0]
[-1.0,-1.0]
[40.4375,40.4375]
[-1.0,-1.0]
[-1.0,-1.0]
[40.925925925925924,40.61764705882353]
[39.42857142857143,40.61764705882353]
[80.0,80.0]
[-1.0,-1.0]
[-1.0,-1.0]
[29.333333333333332,17.2]
[-1.0,17.2]
[59.666666666666664,59.666666666666664]
[-1.0,-1.0]
[44.5,44.5]
[-1.0,-1.0]
[-1.0,25.0]
[35.4,25.0]
[-1.0,-1.0]
[37.4,52.42857142857143]
[90.0,52.42857142857143]
[53.11538461538461,41.31818181818182]
[24.27777777777778,41.31818181818182]
[90.0,90.0]
[29.333333333333332,65.42857142857143]
[92.5,65.42857142857143]
[90.0,90.0]
[12.5,14.166666666666666]
[15.833333333333334,14.166666666666666]
[100.0,100.0]
[100.0,100.0]
[-1.0,-1.0]
[52.6,52.6]
[-1.0,-1.0]
[21.75,21.75]
[58.0,58.0]
[51.30434782608695,51.30434782608695]
[90.0,90.0]
[-1.0,-1.0]
[62.7,60.75]
[59.666666666666664,60.75]
[90.0,65.18181818181819]
[59.666666666666664,65.18181818181819]
[-1.0,-1.0]
[71.8,71.8]
[90.0,90.0]
[-1.0,-1.0]
[35.4,35.4]
[-1.0,59.666666666666664]
[90.0,59.666666666666664]
[90.0,90.0]
[12.0,12.0]
[90.0,90.0]
[-1.0,-1.0]
[37.94736842105263,37.94736842105263]
[-1.0,-1.0]
[90.0,90.0]
[35.4,35.4]
[-1.0,12.0]
[29.333333333333332,12.0]
[90.0,90.0]
[90.0,90.0]
[44.5,44.5]
[90.0,90.0]
[-1.0,-1.0]
[43.0,43.0]
[49.0,49.0]
[44.5,44.5]
[-1.0,-1.0]
[-1.0,-1.0]
[-1.0,-1.0]
[-1.0,-1.0]
[-1.0,-1.0]
[90.0,73.8]
[90.0,73.8]
[49.5,73.8]
[-1.0,-1.0]
[-1.0,21.75]
[-1.0,21.75]
[29.333333333333332,21.75]
[-1.0,-1.0]
[-1.0,-1.0]
[29.333333333333332,29.333333333333332]
[80.0,80.0]
[-1.0,-1.0]
[-1.0,-1.0]
[21.75,21.75]
[90.0,90.0]
[-1.0,-1.0]
[35.4,35.4]
[90.0,90.0]
[-1.0,-1.0]
[67.25,67.25]
[45.75,51.0]
[58.0,51.0]
[90.0,90.0]
[90.0,90.0]
[38.41025641025641,38.41025641025641]
[24.25,37.4]
[90.0,37.4]
[90.0,73.8]
[63.0,73.8]
[90.0,73.8]
[21.75,35.4]
[90.0,35.4]
[-1.0,-1.0]
[24.25,24.25]
[44.5,53.6]
[90.0,53.6]
[-1.0,-1.0]
[-1.0,-1.0]
[80.0,80.0]
[51.0,55.875]
[90.0,55.875]
[29.333333333333332,21.75]
[-1.0,21.75]
[-1.0,-1.0]
[25.0,25.38888888888889]
[25.636363636363637,25.38888888888889]
[47.0,47.0]
[-1.0,-1.0]
[-1.0,-1.0]
[31.0,39.42857142857143]
[90.0,39.42857142857143]
[39.5,39.5]
[-1.0,-1.0]
[-1.0,-1.0]
[93.33333333333333,93.33333333333333]
[29.333333333333332,29.333333333333332]
[32.666666666666664,31.0]
[29.333333333333332,31.0]
[-1.0,-1.0]
[-1.0,-1.0]
[90.0,90.0]
[-1.0,-1.0]
[90.0,90.0]
[-1.0,-1.0]
[90.0,90.0]
[90.0,90.0]
[90.0,90.0]
[-1.0,-1.0]
[40.81818181818182,40.81818181818182]
[90.0,29.333333333333332]
[-1.0,29.333333333333332]
[-1.0,44.5]
[90.0,44.5]
[51.4375,51.4375]
[-1.0,-1.0]
[90.0,90.0]
[63.0,63.0]
[90.0,90.0]
[90.0,90.0]
[-1.0,-1.0]
[-1.0,-1.0]
[-1.0,-1.0]
[90.0,90.0]
[90.0,90.0]
[-1.0,-1.0]
[-1.0,-1.0]
[-1.0,-1.0]
[21.75,21.75]
[-1.0,53.0]
[100.0,53.0]
[53.17948717948718,53.0]
[48.416666666666664,48.416666666666664]
[-1.0,-1.0]
[44.5,44.5]
[42.0,42.0]
[32.09090909090909,39.95]
[49.55555555555556,39.95]
[-1.0,-1.0]
[42.03846153846154,42.03846153846154]
[90.0,90.0]
[90.0,90.0]
[90.0,90.0]
[90.0,39.19512195121951]
[17.2,39.19512195121951]
[40.885714285714286,39.19512195121951]
[44.5,44.5]
[90.0,44.5]
[-1.0,44.5]
[-1.0,-1.0]
[52.353846153846156,52.353846153846156]
[90.0,90.0]
[-1.0,-1.0]
[-1.0,-1.0]
[-1.0,-1.0]
[71.8,71.8]
[-1.0,-1.0]
[-1.0,-1.0]
[-1.0,-1.0]
[37.02777777777778,37.02777777777778]
[9.11111111111111,43.310344827586206]
[49.59183673469388,43.310344827586206]
[90.0,90.0]
[-1.0,-1.0]
[-1.0,44.5]
[53.6,44.5]
[-1.0,-1.0]
[-1.0,-1.0]
[-1.0,-1.0]
[21.75,29.333333333333332]
[44.5,29.333333333333332]
[47.97674418604651,43.05555555555556]
[23.818181818181817,43.05555555555556]
[44.5,42.52173913043478]
[-1.0,42.52173913043478]
[90.0,90.0]
[90.0,90.0]
[90.0,90.0]
[-1.0,-1.0]
[-1.0,-1.0]
[29.333333333333332,29.333333333333332]
[59.666666666666664,59.666666666666664]
[90.0,90.0]
[90.0,44.5]
[-1.0,44.5]
[-1.0,-1.0]
[29.333333333333332,29.333333333333332]
[68.28571428571429,68.28571428571429]
[29.333333333333332,29.333333333333332]
[29.333333333333332,29.333333333333332]
[90.0,90.0]
[29.333333333333332,29.333333333333332]
[44.5,44.5]
[-1.0,-1.0]
[90.0,90.0]
[-1.0,-1.0]
[-1.0,-1.0]
[-1.0,-1.0]
[-1.0,-1.0]
[-1.0,-1.0]
[90.0,90.0]
[-1.0,-1.0]
[90.0,90.0]
[-1.0,-1.0]
[-1.0,-1.0]
[90.0,90.0]
[-1.0,-1.0]
[32.666666666666664,26.428571428571427]
[90.0,26.428571428571427]
[-1.0,26.428571428571427]
[-1.0,26.428571428571427]
[44.5,44.5]
[33.125,42.52173913043478]
[47.53333333333333,42.52173913043478]
[-1.0,-1.0]
[90.0,90.0]
[-1.0,-1.0]
[100.0,100.0]
[-1.0,-1.0]
[49.5,49.5]
[90.0,90.0]
[-1.0,-1.0]
[90.0,90.0]
[92.5,91.66666666666667]
[90.0,91.66666666666667]
[90.0,90.0]
[29.333333333333332,29.333333333333332]
[-1.0,-1.0]
[-1.0,-1.0]
[44.5,44.5]
[-1.0,-1.0]
[51.77777777777778,51.77777777777778]
[90.0,90.0]
[61.26315789473684,61.26315789473684]
[-1.0,-1.0]
[-1.0,-1.0]
[53.6,53.6]
[29.333333333333332,29.333333333333332]
[-1.0,-1.0]
[67.25,53.6]
[-1.0,53.6]
[21.75,21.75]
[-1.0,21.75]
[44.5,21.75]
[90.0,30.652173913043477]
[27.954545454545453,30.652173913043477]
[-1.0,-1.0]
[-1.0,-1.0]
[-1.0,-1.0]
[29.333333333333332,29.333333333333332]
[-1.0,-1.0]
[59.666666666666664,59.666666666666664]
[-1.0,-1.0]
[90.0,90.0]
[-1.0,-1.0]
[-1.0,-1.0]
[56.5,55.166666666666664]
[44.5,55.166666666666664]
[44.5,44.5]
[90.0,90.0]
[-1.0,-1.0]
[35.4,35.4]
[90.0,38.0]
[21.75,38.0]
[44.5,38.0]
[26.3,26.3]
[90.0,90.0]
[-1.0,-1.0]
[44.5,44.5]
[90.0,90.0]
[88.0,88.0]
[-1.0,-1.0]
[-1.0,-1.0]
[-1.0,19.25]
[39.5,19.25]
[44.5,44.5]
[-1.0,-1.0]
[90.0,90.0]
[-1.0,-1.0]
[-1.0,-1.0]
[-1.0,-1.0]
[-1.0,-1.0]
[-1.0,-1.0]
[-1.0,-1.0]
[-1.0,-1.0]
[-1.0,-1.0]
[-1.0,-1.0]
[-1.0,-1.0]
[-1.0,-1.0]
[-1.0,-1.0]
[-1.0,-1.0]
[-1.0,-1.0]
[-1.0,-1.0]
[-1.0,-1.0]
[90.0,90.0]
[90.0,90.0]
[66.0,66.0]
[100.0,100.0]
[-1.0,-1.0]
[21.75,33.46153846153846]
[38.666666666666664,33.46153846153846]
[90.0,90.0]
[-1.0,29.333333333333332]
[44.5,29.333333333333332]
[-1.0,-1.0]
[31.833333333333332,31.833333333333332]
[-1.0,-1.0]
[90.0,90.0]
[29.333333333333332,29.333333333333332]
[90.0,90.0]
[90.0,90.0]
[93.33333333333333,93.33333333333333]
[44.5,44.5]
[44.5,44.5]
[-1.0,-1.0]
[44.5,44.5]
[44.5,44.5]
[44.5,44.5]
[44.5,44.5]
[-1.0,-1.0]
[29.333333333333332,29.333333333333332]
[-1.0,-1.0]
[90.0,90.0]
[-1.0,-1.0]
[100.0,19.2]
[-1.0,19.2]
[-1.0,-1.0]
[90.0,90.0]
[49.5,49.5]
[21.75,21.75]
[-1.0,-1.0]
[-1.0,21.75]
[90.0,21.75]
[90.0,90.0]
[90.0,44.5]
[-1.0,44.5]
[-1.0,-1.0]
[21.75,15.545454545454545]
[-1.0,15.545454545454545]
[-1.0,-1.0]
[39.44444444444444,40.36363636363637]
[44.5,40.36363636363637]
[93.33333333333333,93.33333333333333]
[-1.0,-1.0]
[52.916666666666664,52.916666666666664]
[52.083333333333336,52.083333333333336]
[-1.0,-1.0]
[-1.0,-1.0]
[-1.0,-1.0]
[-1.0,-1.0]
[-1.0,-1.0]
[-1.0,-1.0]
[90.0,90.0]
[57.125,57.125]
[100.0,100.0]
[49.5,49.5]
[90.0,90.0]
[-1.0,-1.0]
[44.5,44.5]
[30.529411764705884,30.529411764705884]
[62.1875,62.1875]
[96.0,60.73170731707317]
[55.833333333333336,60.73170731707317]
[-1.0,44.5]
[90.0,44.5]
[-1.0,-1.0]
[-1.0,-1.0]
[-1.0,-1.0]
[95.0,95.0]
[-1.0,-1.0]
[-1.0,-1.0]
[-1.0,-1.0]
[-1.0,-1.0]
[90.0,90.0]
[21.75,44.5]
[29.333333333333332,44.5]
[64.0,44.5]
[59.666666666666664,59.666666666666664]
[46.55555555555556,48.107142857142854]
[90.0,48.107142857142854]
[-1.0,21.75]
[44.5,21.75]
[-1.0,-1.0]
[90.0,90.0]
[90.0,90.0]
[90.0,90.0]
[-1.0,-1.0]
[100.0,100.0]
[44.5,44.5]
[44.5,44.5]
[-1.0,-1.0]
[54.21052631578947,54.21052631578947]
[-1.0,-1.0]
[100.0,96.66666666666667]
[95.0,96.66666666666667]
[90.0,90.0]
[90.0,90.0]
[-1.0,-1.0]
[-1.0,-1.0]
[45.75,45.5]
[44.5,45.5]
[-1.0,-1.0]
[12.0,7.2727272727272725]
[-1.0,7.2727272727272725]
[29.333333333333332,29.333333333333332]
[42.77777777777778,42.77777777777778]
[-1.0,-1.0]
[39.44444444444444,39.44444444444444]
[-1.0,-1.0]
[-1.0,-1.0]
[46.0,46.0]
[39.42857142857143,39.42857142857143]
[-1.0,-1.0]
[90.0,90.0]
[49.5,49.5]
[21.75,21.75]
[44.5,44.5]
[44.5,59.666666666666664]
[90.0,59.666666666666664]
[90.0,90.0]
[-1.0,-1.0]
[80.0,35.57142857142857]
[28.166666666666668,35.57142857142857]
[44.5,44.5]
[45.75,45.75]
[-1.0,-1.0]
[-1.0,-1.0]
[-1.0,-1.0]
[90.0,90.0]
[-1.0,47.0]
[63.0,47.0]
[55.8974358974359,55.8974358974359]
[51.97435897435897,51.97435897435897]
[90.0,90.0]
[-1.0,-1.0]
[29.333333333333332,29.333333333333332]
[28.5,24.285714285714285]
[-1.0,24.285714285714285]
[-1.0,-1.0]
[40.810810810810814,40.810810810810814]
[90.0,90.0]
[-1.0,-1.0]
[90.0,90.0]
[-1.0,-1.0]
[90.0,90.0]
[-1.0,-1.0]
[100.0,61.333333333333336]
[53.6,61.333333333333336]
[-1.0,-1.0]
[90.0,90.0]
[-1.0,-1.0]
[57.125,57.125]
[-1.0,-1.0]
[44.5,44.5]
[-1.0,-1.0]
[35.4,35.4]
[-1.0,-1.0]
[44.5,44.5]
[29.333333333333332,29.333333333333332]
[-1.0,-1.0]
[-1.0,-1.0]
[90.0,90.0]
[39.42857142857143,34.375]
[-1.0,34.375]
[-1.0,-1.0]
[-1.0,-1.0]
[-1.0,-1.0]
[-1.0,-1.0]
[58.0,58.0]
[59.666666666666664,59.666666666666664]
[29.333333333333332,29.333333333333332]
[35.4,35.4]
[90.0,90.0]
[-1.0,-1.0]
[78.625,78.625]
[21.75,21.75]
[-1.0,-1.0]
[100.0,100.0]
[29.333333333333332,21.75]
[-1.0,21.75]
[90.0,90.0]
[-1.0,-1.0]
[-1.0,-1.0]
[-1.0,-1.0]
[-1.0,37.75]
[90.0,37.75]
[100.0,37.75]
[-1.0,37.75]
[59.666666666666664,59.666666666666664]
[100.0,100.0]
[90.0,90.0]
[-1.0,-1.0]
[90.0,90.0]
[55.285714285714285,57.1]
[57.6,57.1]
[58.375,57.1]
[-1.0,-1.0]
[90.0,90.0]
[-1.0,-1.0]
[-1.0,-1.0]
[-1.0,-1.0]
[-1.0,-1.0]
[-1.0,-1.0]
[44.5,44.5]
[-1.0,-1.0]
[44.5,44.5]
[-1.0,-1.0]
[100.0,95.0]
[90.0,95.0]
[25.0,25.0]
[-1.0,-1.0]
[90.0,90.0]
[90.0,61.146341463414636]
[60.425,61.146341463414636]
[-1.0,-1.0]
[90.0,90.0]
[-1.0,-1.0]
[49.55555555555556,49.55555555555556]
[-1.0,-1.0]
[-1.0,-1.0]
[90.0,90.0]
[46.89473684210526,46.89473684210526]
[-1.0,-1.0]
[-1.0,-1.0]
[90.0,90.0]
[-1.0,44.5]
[90.0,44.5]
[44.5,44.5]
[44.5,44.5]
[90.0,90.0]
[90.0,90.0]
[90.0,90.0]
[-1.0,-1.0]
[90.0,44.5]
[-1.0,44.5]
[-1.0,-1.0]
[-1.0,29.333333333333332]
[44.5,29.333333333333332]
[-1.0,-1.0]
[-1.0,-1.0]
[-1.0,-1.0]
[90.0,90.0]
[-1.0,44.5]
[53.6,44.5]
[53.6,53.6]
[-1.0,-1.0]
[29.333333333333332,29.333333333333332]
[90.0,90.0]
[90.0,90.0]
[49.5,49.5]
[-1.0,-1.0]
[90.0,90.0]
[29.333333333333332,29.333333333333332]
[-1.0,-1.0]
[-1.0,-1.0]
[-1.0,-1.0]
[100.0,100.0]
[-1.0,-1.0]
[-1.0,-1.0]
[-1.0,-1.0]
[68.125,68.125]
[44.5,29.333333333333332]
[-1.0,29.333333333333332]
[-1.0,35.4]
[29.333333333333332,35.4]
[90.0,35.4]
[-1.0,-1.0]
[-1.0,-1.0]
[-1.0,-1.0]
[-1.0,-1.0]
[90.0,90.0]
[49.5,49.5]
[-1.0,-1.0]
[-1.0,-1.0]
[100.0,100.0]
[-1.0,-1.0]
[44.5,44.5]
[51.0,51.0]
[-1.0,-1.0]
[21.75,21.75]
[95.0,63.0]
[-1.0,63.0]
[-1.0,-1.0]
[90.0,90.0]
[49.22222222222222,49.22222222222222]
[-1.0,17.2]
[21.75,17.2]
[44.5,24.27777777777778]
[21.75,24.27777777777778]
[58.0,58.0]
[90.0,90.0]
[-1.0,-1.0]
[-1.0,-1.0]
[44.5,44.5]
[-1.0,-1.0]
[90.0,90.0]
[-1.0,-1.0]
[44.5,42.0]
[39.5,42.0]
[49.5,49.5]
[66.0,66.0]
[-1.0,-1.0]
[-1.0,-1.0]
[-1.0,-1.0]
[-1.0,-1.0]
[90.0,64.7]
[-1.0,64.7]
[78.16666666666667,64.7]
[49.5,49.5]
[58.833333333333336,57.97857142857143]
[-1.0,57.97857142857143]
[-1.0,44.5]
[90.0,44.5]
[-1.0,-1.0]
[-1.0,-1.0]
[90.0,90.0]
[49.5,49.5]
[-1.0,-1.0]
[49.5,49.5]
[71.38888888888889,74.77272727272727]
[90.0,74.77272727272727]
[-1.0,-1.0]
[90.0,90.0]
[-1.0,-1.0]
[-1.0,-1.0]
[55.6,55.6]
[-1.0,-1.0]
[69.75,69.75]
[44.5,44.5]
[-1.0,-1.0]
[17.2,17.2]
[29.333333333333332,29.333333333333332]
[44.5,44.5]
[90.0,90.0]
[-1.0,-1.0]
[90.0,90.0]
[44.5,67.25]
[90.0,67.25]
[-1.0,-1.0]
[-1.0,-1.0]
[90.0,90.0]
[-1.0,-1.0]
[-1.0,-1.0]
[-1.0,-1.0]
[44.5,44.5]
[63.70909090909091,63.70909090909091]
[44.5,44.5]
[-1.0,-1.0]
[38.583333333333336,38.583333333333336]
[59.666666666666664,59.666666666666664]
[64.0,64.0]
[90.0,44.5]
[-1.0,44.5]
[49.5,49.5]
[-1.0,-1.0]
[20.333333333333332,20.333333333333332]
[23.363636363636363,23.363636363636363]
[-1.0,35.4]
[59.666666666666664,35.4]
[-1.0,-1.0]
[-1.0,-1.0]
[90.0,90.0]
[90.0,90.0]
[61.333333333333336,61.333333333333336]
[100.0,66.33333333333333]
[49.5,66.33333333333333]
[49.5,49.5]
[-1.0,-1.0]
[49.5,49.5]
[90.0,90.0]
[80.0,80.0]
[28.607142857142858,28.607142857142858]
[-1.0,-1.0]
[-1.0,-1.0]
[44.5,44.5]
[46.76056338028169,43.61842105263158]
[-1.0,43.61842105263158]
[-1.0,43.61842105263158]
[90.0,90.0]
[90.0,67.25]
[-1.0,67.25]
[90.0,67.25]
[90.0,67.25]
[67.25,53.6]
[-1.0,53.6]
[30.0,30.0]
[55.875,55.875]
[29.333333333333332,29.333333333333332]
[55.875,55.875]
[53.6,53.6]
[29.333333333333332,29.333333333333332]
[38.8125,38.8125]
[24.25,24.25]
[67.06666666666666,67.06666666666666]
[-1.0,35.4]
[39.44444444444444,35.4]
[-1.0,-1.0]
[59.666666666666664,59.666666666666664]
[-1.0,-1.0]
[44.5,44.5]
[90.0,90.0]
[-1.0,-1.0]
[29.333333333333332,53.6]
[90.0,53.6]
[-1.0,-1.0]
[97.5,95.0]
[90.0,95.0]
[-1.0,-1.0]
[67.25,67.25]
[90.0,90.0]
[-1.0,-1.0]
[-1.0,-1.0]
[-1.0,-1.0]
[90.0,90.0]
[90.0,90.0]
[21.75,21.75]
[-1.0,-1.0]
[67.25,38.0]
[-1.0,38.0]
[-1.0,38.0]
[42.333333333333336,42.333333333333336]
[29.333333333333332,21.75]
[-1.0,21.75]
[90.0,29.333333333333332]
[-1.0,29.333333333333332]
[51.0,41.0]
[-1.0,41.0]
[35.4,41.0]
[42.833333333333336,51.20652173913044]
[51.7906976744186,51.20652173913044]
[44.5,44.5]
[84.0,84.0]
[38.0,38.0]
[25.0,19.22222222222222]
[-1.0,19.22222222222222]
[44.5,44.5]
[29.333333333333332,29.333333333333332]
[59.666666666666664,59.666666666666664]
[95.0,95.0]
[59.666666666666664,59.666666666666664]
[29.333333333333332,29.333333333333332]
[17.2,17.2]
[-1.0,-1.0]
[90.0,67.25]
[59.666666666666664,67.25]
[90.0,90.0]
[59.666666666666664,59.666666666666664]
[-1.0,-1.0]
[-1.0,-1.0]
[90.0,90.0]
[-1.0,-1.0]
[90.0,90.0]
[90.0,90.0]
[90.0,90.0]
[-1.0,-1.0]
[38.0,44.5]
[90.0,44.5]
[44.5,44.5]
[44.5,44.5]
[44.5,29.333333333333332]
[-1.0,29.333333333333332]
[-1.0,-1.0]
[-1.0,-1.0]
[-1.0,-1.0]
[90.0,90.0]
[29.333333333333332,29.333333333333332]
[20.0,20.0]
[28.0,28.0]
[44.5,43.2]
[43.121212121212125,43.2]
[35.53846153846154,35.53846153846154]
[69.75,69.75]
[-1.0,-1.0]
[21.75,21.75]
[-1.0,-1.0]
[90.0,90.0]
[-1.0,-1.0]
[35.4,35.4]
[52.083333333333336,52.083333333333336]
[44.5,44.5]
[-1.0,-1.0]
[44.5,44.5]
[59.666666666666664,59.666666666666664]
[-1.0,-1.0]
[-1.0,17.2]
[29.333333333333332,17.2]
[-1.0,-1.0]
[59.666666666666664,59.666666666666664]
[-1.0,-1.0]
[90.0,90.0]
[29.333333333333332,29.333333333333332]
[41.76923076923077,41.76923076923077]
[100.0,100.0]
[26.428571428571427,40.0625]
[50.666666666666664,40.0625]
[-1.0,-1.0]
[38.6,38.6]
[81.5,81.5]
[90.0,90.0]
[90.0,90.0]
[-1.0,-1.0]
[-1.0,-1.0]
[-1.0,-1.0]
[-1.0,27.3]
[34.375,27.3]
[-1.0,-1.0]
[-1.0,-1.0]
[90.0,90.0]
[84.92857142857143,84.92857142857143]
[90.0,90.0]
[49.5,49.5]
[90.0,90.0]
[90.0,90.0]
[-1.0,-1.0]
[90.0,90.0]
[90.0,90.0]
[30.666666666666668,18.0]
[-1.0,18.0]
[90.0,90.0]
[45.0,45.0]
[44.5,44.5]
[90.0,90.0]
[21.75,21.75]
[-1.0,-1.0]
[90.0,90.0]
[44.5,53.6]
[56.90909090909091,53.6]
[-1.0,46.5]
[94.0,46.5]
[80.0,80.0]
[49.5,49.5]
[37.4,27.3]
[17.2,27.3]
[18.68421052631579,18.68421052631579]
[90.0,90.0]
[35.4,35.4]
[59.666666666666664,35.4]
[-1.0,35.4]
[71.8,62.7]
[90.0,62.7]
[-1.0,62.7]
[44.5,44.5]
[-1.0,-1.0]
[100.0,38.0]
[36.78947368421053,38.0]
[-1.0,38.0]
[90.0,44.5]
[-1.0,44.5]
[44.5,44.5]
[-1.0,11.285714285714286]
[-1.0,11.285714285714286]
[42.0,11.285714285714286]
[-1.0,-1.0]
[43.5,43.5]
[-1.0,-1.0]
[-1.0,-1.0]
[-1.0,-1.0]
[32.666666666666664,32.666666666666664]
[14.166666666666666,14.166666666666666]
[-1.0,-1.0]
[29.333333333333332,29.333333333333332]
[38.0,38.0]
[90.0,90.0]
[47.69444444444444,47.69444444444444]
[-1.0,-1.0]
[-1.0,-1.0]
[90.0,90.0]
[-1.0,17.2]
[21.75,17.2]
[90.0,90.0]
[90.0,90.0]
[-1.0,-1.0]
[90.0,90.0]
[-1.0,-1.0]
[71.8,71.8]
[-1.0,-1.0]
[44.5,44.5]
[46.13513513513514,46.05128205128205]
[44.5,46.05128205128205]
[-1.0,-1.0]
[90.0,90.0]
[90.0,90.0]
[29.333333333333332,29.333333333333332]
[-1.0,-1.0]
[-1.0,-1.0]
[90.0,90.0]
[90.0,90.0]
[-1.0,-1.0]
[35.4,35.4]
[44.5,44.5]
[-1.0,-1.0]
[-1.0,-1.0]
[25.0,25.0]
[-1.0,-1.0]
[74.83333333333333,74.83333333333333]
[46.89473684210526,46.89473684210526]
[90.0,90.0]
[-1.0,-1.0]
[-1.0,-1.0]
[44.5,39.44444444444444]
[29.333333333333332,39.44444444444444]
[-1.0,39.5]
[80.0,39.5]
[-1.0,-1.0]
[-1.0,-1.0]
[90.0,90.0]
[-1.0,-1.0]
[44.5,44.5]
[-1.0,-1.0]
[44.5,44.5]
[59.666666666666664,59.666666666666664]
[90.0,90.0]
[39.44444444444444,52.95918367346939]
[39.44444444444444,52.95918367346939]
[32.09090909090909,52.95918367346939]
[59.81159420289855,52.95918367346939]
[14.166666666666666,14.166666666666666]
[59.666666666666664,59.666666666666664]
[-1.0,-1.0]
[35.4,41.0]
[44.5,41.0]
[-1.0,-1.0]
[71.8,71.8]
[74.83333333333333,74.83333333333333]
[90.0,90.0]
[-1.0,-1.0]
[90.0,90.0]
[90.0,90.0]
[53.6,53.6]
[-1.0,-1.0]
[33.125,33.125]
[55.6,55.6]
[-1.0,-1.0]
[17.2,17.2]
[-1.0,-1.0]
[-1.0,-1.0]
[-1.0,-1.0]
[90.0,90.0]
[44.5,44.5]
[-1.0,20.25]
[41.5,20.25]
[-1.0,20.25]
[29.333333333333332,44.5]
[90.0,44.5]
[32.4,33.64705882352941]
[44.5,33.64705882352941]
[-1.0,33.64705882352941]
[-1.0,33.64705882352941]
[21.75,33.64705882352941]
[55.6,33.64705882352941]
[90.0,90.0]
[90.0,90.0]
[-1.0,-1.0]
[-1.0,-1.0]
[-1.0,-1.0]
[-1.0,-1.0]
[-1.0,-1.0]
[49.5,49.5]
[36.22727272727273,36.22727272727273]
[-1.0,-1.0]
[67.34693877551021,67.34693877551021]
[100.0,100.0]
[-1.0,-1.0]
[44.5,44.5]
[29.333333333333332,29.333333333333332]
[-1.0,-1.0]
[57.81142857142857,57.81142857142857]
[67.25,67.25]
[64.75,64.75]
[44.5,44.5]
[44.5,44.5]
[-1.0,-1.0]
[-1.0,-1.0]
[59.666666666666664,59.666666666666664]
[-1.0,-1.0]
[44.5,61.333333333333336]
[63.0,61.333333333333336]
[90.0,61.333333333333336]
[17.2,17.2]
[-1.0,17.2]
[21.75,17.2]
[63.0,63.0]
[37.4,37.4]
[90.0,90.0]
[-1.0,-1.0]
[-1.0,-1.0]
[90.0,90.0]
[44.5,47.08]
[51.666666666666664,47.08]
[44.5,47.08]
[90.0,92.5]
[95.0,92.5]
[-1.0,-1.0]
[44.5,29.333333333333332]
[-1.0,29.333333333333332]
[44.5,44.5]
[-1.0,21.75]
[29.333333333333332,21.75]
[44.5,56.333333333333336]
[80.0,56.333333333333336]
[54.611111111111114,54.611111111111114]
[-1.0,-1.0]
[41.27272727272727,41.46666666666667]
[26.0,41.46666666666667]
[90.0,41.46666666666667]
[95.0,95.0]
[43.391304347826086,43.391304347826086]
[90.0,90.0]
[62.0,62.0]
[44.5,44.5]
[-1.0,-1.0]
[44.5,44.5]
[71.8,71.8]
[-1.0,-1.0]
[90.0,90.0]
[44.5,44.5]
[-1.0,-1.0]
[-1.0,-1.0]
[90.0,90.0]
[-1.0,-1.0]
[59.666666666666664,59.666666666666664]
[90.0,90.0]
[14.166666666666666,14.166666666666666]
[90.0,90.0]
[-1.0,-1.0]
[-1.0,-1.0]
[17.2,17.2]
[90.0,90.0]
[-1.0,-1.0]
[32.666666666666664,32.666666666666664]
[-1.0,-1.0]
[-1.0,-1.0]
[44.5,44.5]
[-1.0,21.75]
[44.5,21.75]
[-1.0,21.75]
[-1.0,-1.0]
[-1.0,-1.0]
[-1.0,-1.0]
[90.0,90.0]
[44.5,44.5]
[17.2,14.166666666666666]
[-1.0,14.166666666666666]
[-1.0,-1.0]
[-1.0,-1.0]
[-1.0,-1.0]
[44.5,44.5]
[21.75,26.428571428571427]
[32.666666666666664,26.428571428571427]
[-1.0,-1.0]
[-1.0,-1.0]
[-1.0,-1.0]
[90.0,90.0]
[-1.0,-1.0]
[67.25,67.25]
[-1.0,-1.0]
[44.5,44.5]
[90.0,90.0]
[90.0,90.0]
[44.5,44.5]
[-1.0,-1.0]
[57.6,43.67741935483871]
[41.0,43.67741935483871]
[-1.0,-1.0]
[49.5,49.5]
[90.0,90.0]
[55.23076923076923,55.23076923076923]
[67.6896551724138,67.6896551724138]
[-1.0,-1.0]
[58.0,52.6]
[44.5,52.6]
[-1.0,-1.0]
[-1.0,-1.0]
[90.0,90.0]
[-1.0,-1.0]
[94.0,94.0]
[-1.0,-1.0]
[32.666666666666664,32.666666666666664]
[-1.0,-1.0]
[90.0,90.0]
[39.5,39.5]
[-1.0,-1.0]
[-1.0,-1.0]
[-1.0,-1.0]
[49.5,60.467532467532465]
[53.6,60.467532467532465]
[-1.0,60.467532467532465]
[64.05970149253731,60.467532467532465]
[39.42857142857143,39.42857142857143]
[32.09090909090909,32.09090909090909]
[90.0,90.0]
[24.25,24.25]
[-1.0,-1.0]
[-1.0,-1.0]
[-1.0,-1.0]
[59.666666666666664,67.25]
[90.0,67.25]
[-1.0,-1.0]
[-1.0,-1.0]
[74.83333333333333,74.83333333333333]
[67.25,67.25]
[100.0,100.0]
[90.0,90.0]
[47.0,47.0]
[-1.0,-1.0]
[-1.0,-1.0]
[42.0,42.0]
[-1.0,21.75]
[29.333333333333332,21.75]
[51.0,51.0]
[61.333333333333336,61.333333333333336]
[29.333333333333332,29.333333333333332]
[-1.0,-1.0]
[42.18181818181818,42.18181818181818]
[44.5,53.6]
[90.0,53.6]
[-1.0,-1.0]
[-1.0,-1.0]
[-1.0,-1.0]
[-1.0,-1.0]
[44.5,44.5]
[-1.0,-1.0]
[-1.0,-1.0]
[-1.0,-1.0]
[39.44444444444444,32.09090909090909]
[-1.0,32.09090909090909]
[90.0,90.0]
[-1.0,-1.0]
[-1.0,-1.0]
[100.0,100.0]
[96.0,96.0]
[35.4,35.4]
[-1.0,-1.0]
[-1.0,-1.0]
[-1.0,-1.0]
[-1.0,-1.0]
[-1.0,-1.0]
[-1.0,-1.0]
[59.666666666666664,59.666666666666664]
[59.666666666666664,59.666666666666664]
[21.75,21.75]
[84.0,84.0]
[58.92857142857143,52.25]
[45.57142857142857,52.25]
[-1.0,-1.0]
[44.5,44.5]
[-1.0,-1.0]
[73.91304347826087,73.91304347826087]
[44.5,29.333333333333332]
[-1.0,29.333333333333332]
[44.5,44.5]
[-1.0,-1.0]
[58.84,58.84]
[90.0,90.0]
[90.0,90.0]
[69.8,69.8]
[-1.0,-1.0]
[-1.0,-1.0]
[90.0,90.0]
[-1.0,21.75]
[90.0,21.75]
[-1.0,21.75]
[-1.0,-1.0]
[44.5,44.5]
[90.0,90.0]
[-1.0,-1.0]
[15.2,18.11111111111111]
[21.75,18.11111111111111]
[69.8,69.8]
[51.93333333333333,51.93333333333333]
[-1.0,-1.0]
[-1.0,-1.0]
[80.0,80.0]
[100.0,100.0]
[-1.0,35.4]
[-1.0,35.4]
[59.666666666666664,35.4]
[-1.0,-1.0]
[90.0,90.0]
[90.0,90.0]
[17.2,17.2]
[90.0,90.0]
[-1.0,-1.0]
[-1.0,-1.0]
[90.0,90.0]
[-1.0,-1.0]
[-1.0,-1.0]
[59.666666666666664,59.666666666666664]
[58.266666666666666,58.266666666666666]
[51.0,51.0]
[56.473684210526315,56.473684210526315]
[-1.0,-1.0]
[-1.0,-1.0]
[-1.0,-1.0]
[-1.0,-1.0]
[44.5,44.5]
[-1.0,54.6]
[60.77777777777778,54.6]
[90.0,59.666666666666664]
[-1.0,59.666666666666664]
[90.0,59.666666666666664]
[61.333333333333336,61.333333333333336]
[-1.0,21.75]
[29.333333333333332,21.75]
[-1.0,-1.0]
[-1.0,-1.0]
[90.0,90.0]
[90.0,90.0]
[-1.0,-1.0]
[38.0,38.0]
[11.285714285714286,11.285714285714286]
[47.0,41.4]
[39.36363636363637,41.4]
[44.5,44.5]
[44.5,44.5]
[90.0,90.0]
[90.0,90.0]
[90.0,90.0]
[90.0,29.333333333333332]
[-1.0,29.333333333333332]
[-1.0,29.333333333333332]
[90.0,90.0]
[-1.0,-1.0]
[61.333333333333336,60.69072164948454]
[60.670212765957444,60.69072164948454]
[80.0,80.0]
[-1.0,-1.0]
[-1.0,-1.0]
[-1.0,-1.0]
[45.5,51.447916666666664]
[65.42857142857143,51.447916666666664]
[39.42857142857143,51.447916666666664]
[52.77272727272727,51.447916666666664]
[44.5,51.447916666666664]
[14.166666666666666,14.166666666666666]
[-1.0,-1.0]
[92.5,92.5]
[-1.0,-1.0]
[-1.0,-1.0]
[29.333333333333332,29.333333333333332]
[49.5,49.5]
[-1.0,24.25]
[100.0,24.25]
[90.0,90.0]
[-1.0,-1.0]
[-1.0,-1.0]
[-1.0,-1.0]
[-1.0,-1.0]
[59.95473251028807,60.07786885245902]
[90.0,60.07786885245902]
[-1.0,-1.0]
[-1.0,-1.0]
[44.5,44.5]
[90.0,44.5]
[-1.0,44.5]
[90.0,90.0]
[31.0,31.0]
[-1.0,-1.0]
[-1.0,-1.0]
[-1.0,-1.0]
[-1.0,-1.0]
[90.0,90.0]
[-1.0,-1.0]
[90.0,90.0]
[17.2,14.166666666666666]
[12.0,14.166666666666666]
[90.0,90.0]
[17.2,17.2]
[-1.0,-1.0]
[90.0,90.0]
[78.625,78.625]
[-1.0,-1.0]
[90.0,44.5]
[-1.0,44.5]
[-1.0,-1.0]
[90.0,90.0]
[49.5,49.5]
[-1.0,-1.0]
[49.5,32.666666666666664]
[-1.0,32.666666666666664]
[90.0,90.0]
[90.0,90.0]
[-1.0,59.666666666666664]
[90.0,59.666666666666664]
[-1.0,-1.0]
[-1.0,-1.0]
[-1.0,-1.0]
[-1.0,-1.0]
[100.0,100.0]
[38.0,54.6]
[93.33333333333333,54.6]
[-1.0,59.666666666666664]
[90.0,59.666666666666664]
[90.0,90.0]
[-1.0,-1.0]
[44.5,44.5]
[100.0,100.0]
[39.44444444444444,39.44444444444444]
[37.4,34.76923076923077]
[38.0,34.76923076923077]
[-1.0,34.76923076923077]
[90.0,34.76923076923077]
[29.333333333333332,34.76923076923077]
[29.333333333333332,34.76923076923077]
[47.0,34.76923076923077]
[-1.0,-1.0]
[59.666666666666664,59.666666666666664]
[-1.0,-1.0]
[49.5,49.5]
[56.333333333333336,56.333333333333336]
[-1.0,-1.0]
[-1.0,-1.0]
[21.75,21.75]
[90.0,90.0]
[-1.0,-1.0]
[29.333333333333332,29.333333333333332]
[-1.0,-1.0]
[-1.0,-1.0]
[-1.0,9.11111111111111]
[21.75,9.11111111111111]
[90.0,90.0]
[90.0,90.0]
[66.33333333333333,72.25]
[90.0,72.25]
[44.5,55.6]
[63.0,55.6]
[-1.0,-1.0]
[53.6,53.6]
[-1.0,-1.0]
[-1.0,-1.0]
[-1.0,-1.0]
[44.5,44.5]
[-1.0,-1.0]
[-1.0,-1.0]
[-1.0,-1.0]
[90.0,67.25]
[-1.0,67.25]
[90.0,67.25]
[90.0,90.0]
[-1.0,-1.0]
[90.0,90.0]
[36.76470588235294,36.76470588235294]
[-1.0,-1.0]
[-1.0,-1.0]
[67.25,67.25]
[53.6,53.6]
[-1.0,-1.0]
[53.6,53.6]
[59.666666666666664,59.666666666666664]
[-1.0,-1.0]
[90.0,90.0]
[95.0,95.0]
[61.888888888888886,61.888888888888886]
[90.0,52.916666666666664]
[49.54545454545455,52.916666666666664]
[49.5,28.3]
[23.0,28.3]
[90.0,90.0]
[-1.0,-1.0]
[-1.0,-1.0]
[21.75,21.75]
[90.0,90.0]
[90.0,90.0]
[90.0,71.8]
[67.25,71.8]
[55.333333333333336,54.391304347826086]
[44.5,54.391304347826086]
[-1.0,-1.0]
[21.75,21.75]
[53.75,53.75]
[-1.0,-1.0]
[-1.0,-1.0]
[90.0,90.0]
[-1.0,-1.0]
[21.75,21.75]
[21.75,21.75]
[35.4,35.4]
[79.88888888888889,79.88888888888889]
[65.63636363636364,65.63636363636364]
[-1.0,-1.0]
[49.5,49.5]
[-1.0,-1.0]
[86.0,86.0]
[90.0,90.0]
[-1.0,-1.0]
[47.0,47.0]
[-1.0,-1.0]
[-1.0,15.833333333333334]
[19.2,15.833333333333334]
[-1.0,-1.0]
[90.0,59.666666666666664]
[44.5,59.666666666666664]
[59.666666666666664,59.666666666666664]
[53.766666666666666,53.766666666666666]
[63.7,63.7]
[-1.0,-1.0]
[-1.0,-1.0]
[-1.0,-1.0]
[-1.0,-1.0]
[-1.0,-1.0]
[-1.0,-1.0]
[-1.0,-1.0]
[-1.0,41.8235294117647]
[51.0,41.8235294117647]
[-1.0,-1.0]
[44.5,55.875]
[59.666666666666664,55.875]
[-1.0,-1.0]
[39.4,39.4]
[-1.0,-1.0]
[-1.0,-1.0]
[90.0,44.5]
[-1.0,44.5]
[-1.0,-1.0]
[44.5,44.5]
[90.0,90.0]
[90.0,90.0]
[-1.0,-1.0]
[90.0,90.0]
[90.0,90.0]
[37.64705882352941,37.64705882352941]
[-1.0,-1.0]
[-1.0,-1.0]
[44.5,44.5]
[90.0,90.0]
[-1.0,-1.0]
[-1.0,-1.0]
[90.0,90.0]
[90.0,90.0]
[-1.0,-1.0]
[80.0,80.0]
[-1.0,-1.0]
[-1.0,-1.0]
[-1.0,-1.0]
[-1.0,-1.0]
[13.0,13.0]
[29.333333333333332,19.22222222222222]
[44.5,19.22222222222222]
[-1.0,19.22222222222222]
[36.916666666666664,28.12]
[20.0,28.12]
[-1.0,-1.0]
[-1.0,-1.0]
[-1.0,35.4]
[44.5,35.4]
[-1.0,-1.0]
[90.0,44.5]
[-1.0,44.5]
[55.875,55.875]
[44.5,44.5]
[-1.0,-1.0]
[95.0,95.0]
[90.0,29.333333333333332]
[-1.0,29.333333333333332]
[90.0,90.0]
[-1.0,-1.0]
[-1.0,-1.0]
[-1.0,44.5]
[90.0,44.5]
[-1.0,-1.0]
[-1.0,-1.0]
[92.0,92.0]
[90.0,90.0]
[44.5,44.5]
[-1.0,-1.0]
[-1.0,-1.0]
[44.5,44.5]
[44.5,44.5]
[-1.0,-1.0]
[-1.0,-1.0]
[44.5,21.75]
[-1.0,21.75]
[29.333333333333332,29.333333333333332]
[-1.0,-1.0]
[100.0,63.0]
[44.5,63.0]
[44.5,44.5]
[90.0,90.0]
[44.5,44.5]
[-1.0,-1.0]
[-1.0,-1.0]
[-1.0,-1.0]
[90.0,90.0]
[-1.0,-1.0]
[-1.0,-1.0]
[49.24242424242424,49.24242424242424]
[90.0,90.0]
[-1.0,30.0]
[45.5,30.0]
[-1.0,-1.0]
[-1.0,-1.0]
[44.5,44.5]
[-1.0,-1.0]
[-1.0,-1.0]
[-1.0,-1.0]
[44.24285714285714,44.24285714285714]
[-1.0,-1.0]
[44.5,44.5]
[39.793103448275865,39.793103448275865]
[44.5,47.0]
[49.5,47.0]
[-1.0,-1.0]
[-1.0,-1.0]
[58.0,58.0]
[-1.0,-1.0]
[-1.0,-1.0]
[-1.0,-1.0]
[90.0,90.0]
[-1.0,-1.0]
[90.0,90.0]
[49.5,49.5]
[-1.0,-1.0]
[-1.0,-1.0]
[32.666666666666664,32.666666666666664]
[90.0,90.0]
[90.0,90.0]
[-1.0,-1.0]
[55.6,55.6]
[-1.0,-1.0]
[61.333333333333336,61.333333333333336]
[90.0,90.0]
[90.0,44.5]
[-1.0,44.5]
[-1.0,-1.0]
[44.5,44.5]
[44.5,44.5]
[44.5,44.5]
[-1.0,-1.0]
[-1.0,-1.0]
[29.333333333333332,35.4]
[44.5,35.4]
[-1.0,-1.0]
[19.22222222222222,19.22222222222222]
[52.391304347826086,52.391304347826086]
[36.2,34.76923076923077]
[-1.0,34.76923076923077]
[-1.0,-1.0]
[-1.0,-1.0]
[44.5,44.5]
[90.0,90.0]
[90.0,90.0]
[-1.0,-1.0]
[-1.0,-1.0]
[74.75,74.75]
[-1.0,-1.0]
[90.0,90.0]
[90.0,90.0]
[-1.0,-1.0]
[-1.0,-1.0]
[49.5,49.5]
[90.0,90.0]
[44.5,44.5]
[38.0,38.0]
[60.0,60.0]
[44.5,44.5]
[29.333333333333332,29.333333333333332]
[-1.0,44.5]
[90.0,44.5]
[80.0,19.25]
[-1.0,19.25]
[-1.0,-1.0]
[-1.0,-1.0]
[-1.0,49.5]
[100.0,49.5]
[-1.0,-1.0]
[49.5,49.5]
[73.8,49.89655172413793]
[44.916666666666664,49.89655172413793]
[-1.0,-1.0]
[-1.0,-1.0]
[49.5,49.5]
[-1.0,-1.0]
[63.0,63.0]
[90.0,90.0]
[-1.0,-1.0]
[-1.0,-1.0]
[95.0,63.0]
[-1.0,63.0]
[44.5,29.333333333333332]
[-1.0,29.333333333333332]
[-1.0,-1.0]
[59.666666666666664,59.666666666666664]
[-1.0,-1.0]
[21.75,39.44444444444444]
[53.6,39.44444444444444]
[-1.0,14.166666666666666]
[-1.0,14.166666666666666]
[29.333333333333332,14.166666666666666]
[-1.0,-1.0]
[90.0,90.0]
[90.0,90.0]
[-1.0,-1.0]
[90.0,90.0]
[26.0,26.0]
[44.5,44.5]
[53.6,55.875]
[-1.0,55.875]
[90.0,55.875]
[30.0,30.0]
[-1.0,-1.0]
[90.0,90.0]
[90.0,90.0]
[83.0,86.5]
[90.0,86.5]
[49.5,49.5]
[-1.0,-1.0]
[-1.0,-1.0]
[44.5,44.5]
[-1.0,-1.0]
[-1.0,-1.0]
[44.5,44.5]
[-1.0,-1.0]
[-1.0,-1.0]
[59.666666666666664,59.666666666666664]
[-1.0,-1.0]
[38.714285714285715,38.714285714285715]
[55.0,46.666666666666664]
[33.125,46.666666666666664]
[-1.0,-1.0]
[-1.0,-1.0]
[55.0,55.0]
[100.0,63.0]
[44.5,63.0]
[-1.0,29.333333333333332]
[44.5,29.333333333333332]
[90.0,90.0]
[-1.0,-1.0]
[-1.0,-1.0]
[90.0,90.0]
[90.0,90.0]
[-1.0,-1.0]
[57.6,57.6]
[-1.0,-1.0]
[-1.0,-1.0]
[89.0,89.0]
[-1.0,-1.0]
[-1.0,-1.0]
[-1.0,-1.0]
[-1.0,-1.0]
[-1.0,-1.0]
[35.4,35.4]
[44.5,44.5]
[-1.0,-1.0]
[90.0,90.0]
[75.8,75.8]
[-1.0,-1.0]
[-1.0,-1.0]
[-1.0,32.09090909090909]
[44.5,32.09090909090909]
[29.333333333333332,32.09090909090909]
[29.333333333333332,32.09090909090909]
[17.2,17.2]
[90.0,90.0]
[44.5,35.4]
[29.333333333333332,35.4]
[-1.0,-1.0]
[90.0,90.0]
[-1.0,-1.0]
[-1.0,-1.0]
[44.5,44.5]
[-1.0,-1.0]
[29.333333333333332,29.333333333333332]
[-1.0,-1.0]
[86.66666666666667,86.66666666666667]
[26.0,26.0]
[96.66666666666667,50.58620689655172]
[44.5,50.58620689655172]
[45.5,50.58620689655172]
[63.0,47.0]
[37.4,47.0]
[-1.0,-1.0]
[-1.0,-1.0]
[44.5,44.5]
[71.8,64.0]
[44.5,64.0]
[-1.0,-1.0]
[44.5,29.333333333333332]
[-1.0,29.333333333333332]
[-1.0,-1.0]
[66.0909090909091,57.64]
[55.256410256410255,57.64]
[33.125,33.125]
[90.0,90.0]
[90.0,90.0]
[44.5,55.875]
[59.666666666666664,55.875]
[-1.0,-1.0]
[-1.0,67.25]
[90.0,67.25]
[54.583333333333336,34.10526315789474]
[-1.0,34.10526315789474]
[-1.0,-1.0]
[-1.0,-1.0]
[-1.0,-1.0]
[-1.0,-1.0]
[21.75,21.75]
[33.0,33.0]
[-1.0,-1.0]
[-1.0,-1.0]
[-1.0,-1.0]
[67.25,67.25]
[-1.0,-1.0]
[-1.0,-1.0]
[90.0,90.0]
[-1.0,-1.0]
[-1.0,-1.0]
[-1.0,-1.0]
[-1.0,-1.0]
[-1.0,-1.0]
[59.666666666666664,59.666666666666664]
[90.0,90.0]
[-1.0,49.5]
[100.0,49.5]
[-1.0,-1.0]
[-1.0,-1.0]
[29.333333333333332,29.333333333333332]
[-1.0,29.333333333333332]
[90.0,29.333333333333332]
[-1.0,-1.0]
[59.666666666666664,59.666666666666664]
[35.4,35.4]
[44.5,44.5]
[21.75,21.75]
[-1.0,-1.0]
[-1.0,-1.0]
[-1.0,-1.0]
[17.2,26.176470588235293]
[28.833333333333332,26.176470588235293]
[44.5,26.176470588235293]
[24.25,26.176470588235293]
[90.0,44.5]
[-1.0,44.5]
[44.5,44.5]
[90.0,90.0]
[90.0,90.0]
[-1.0,-1.0]
[47.833333333333336,47.833333333333336]
[67.25,67.25]
[66.33333333333333,66.33333333333333]
[-1.0,-1.0]
[-1.0,-1.0]
[90.0,90.0]
[-1.0,-1.0]
[32.666666666666664,32.666666666666664]
[-1.0,-1.0]
[-1.0,-1.0]
[-1.0,-1.0]
[42.0,42.0]
[-1.0,-1.0]
[90.0,90.0]
[90.0,90.0]
[90.0,90.0]
[90.0,90.0]
[-1.0,-1.0]
[-1.0,-1.0]
[90.0,90.0]
[63.0,63.0]
[69.77777777777777,69.77777777777777]
[-1.0,-1.0]
[21.75,21.75]
[-1.0,-1.0]
[-1.0,-1.0]
[-1.0,-1.0]
[-1.0,-1.0]
[-1.0,-1.0]
[-1.0,30.444444444444443]
[34.375,30.444444444444443]
[17.2,33.125]
[-1.0,33.125]
[90.0,33.125]
[44.5,44.5]
[44.5,44.5]
[49.5,48.25]
[47.833333333333336,48.25]
[90.0,90.0]
[35.4,35.4]
[82.0,82.0]
[-1.0,-1.0]
[85.0,85.0]
[-1.0,-1.0]
[90.0,90.0]
[-1.0,-1.0]
[90.0,90.0]
[90.0,90.0]
[100.0,100.0]
[-1.0,-1.0]
[90.0,90.0]
[19.2,19.2]
[-1.0,-1.0]
[29.333333333333332,29.333333333333332]
[90.0,90.0]
[90.0,90.0]
[100.0,100.0]
[71.8,71.8]
[80.0,80.0]
[90.0,90.0]
[42.5,42.5]
[63.0,63.0]
[-1.0,-1.0]
[-1.0,-1.0]
[-1.0,-1.0]
[-1.0,-1.0]
[-1.0,-1.0]
[44.5,44.5]
[-1.0,-1.0]
[90.0,90.0]
[90.0,90.0]
[-1.0,-1.0]
[-1.0,-1.0]
[90.0,90.0]
[90.0,71.8]
[67.25,71.8]
[79.88888888888889,59.666666666666664]
[29.333333333333332,59.666666666666664]
[-1.0,-1.0]
[-1.0,-1.0]
[82.0,82.0]
[41.46666666666667,41.46666666666667]
[29.333333333333332,29.333333333333332]
[35.4,35.4]
[17.2,17.2]
[-1.0,-1.0]
[21.75,21.75]
[-1.0,29.333333333333332]
[-1.0,29.333333333333332]
[38.0,29.333333333333332]
[50.0,50.0]
[59.666666666666664,59.666666666666664]
[43.94444444444444,43.94444444444444]
[35.4,35.4]
[44.5,44.5]
[-1.0,50.30769230769231]
[54.583333333333336,50.30769230769231]
[59.666666666666664,59.666666666666664]
[-1.0,-1.0]
[-1.0,-1.0]
[90.0,90.0]
[-1.0,-1.0]
[64.06153846153846,64.06153846153846]
[81.0,81.0]
[-1.0,-1.0]
[44.5,29.333333333333332]
[-1.0,29.333333333333332]
[44.5,29.333333333333332]
[-1.0,29.333333333333332]
[76.5,72.8]
[67.25,72.8]
[90.0,90.0]
[-1.0,-1.0]
[36.60526315789474,37.25]
[49.5,37.25]
[90.0,90.0]
[90.0,90.0]
[90.0,90.0]
[90.0,28.5]
[22.142857142857142,28.5]
[-1.0,28.5]
[100.0,28.5]
[-1.0,28.5]
[-1.0,-1.0]
[-1.0,-1.0]
[-1.0,-1.0]
[-1.0,-1.0]
[90.0,90.0]
[-1.0,-1.0]
[39.4,39.4]
[-1.0,-1.0]
[34.733333333333334,34.733333333333334]
[90.0,44.5]
[90.0,44.5]
[-1.0,44.5]
[-1.0,44.5]
[90.0,90.0]
[-1.0,-1.0]
[26.0,26.0]
[44.5,44.5]
[-1.0,44.5]
[90.0,44.5]
[90.0,90.0]
[44.5,34.0]
[83.0,34.0]
[-1.0,34.0]
[-1.0,-1.0]
[-1.0,-1.0]
[44.5,44.5]
[-1.0,-1.0]
[-1.0,-1.0]
[-1.0,-1.0]
[-1.0,-1.0]
[90.0,90.0]
[-1.0,-1.0]
[90.0,90.0]
[-1.0,-1.0]
[-1.0,-1.0]
[90.0,44.5]
[-1.0,44.5]
[100.0,100.0]
[-1.0,29.333333333333332]
[44.5,29.333333333333332]
[49.5,49.5]
[-1.0,-1.0]
[-1.0,-1.0]
[-1.0,-1.0]
[-1.0,-1.0]
[44.0,44.0]
[21.75,21.75]
[-1.0,-1.0]
[-1.0,-1.0]
[47.0,47.0]
[-1.0,34.83720930232558]
[34.03225806451613,34.83720930232558]
[32.666666666666664,34.83720930232558]
[58.0,34.83720930232558]
[-1.0,34.83720930232558]
[-1.0,-1.0]
[39.476190476190474,39.476190476190474]
[-1.0,-1.0]
[44.5,44.5]
[21.75,26.3]
[29.333333333333332,26.3]
[21.75,21.75]
[-1.0,-1.0]
[-1.0,-1.0]
[44.5,44.5]
[90.0,90.0]
[26.428571428571427,26.428571428571427]
[35.4,35.4]
[-1.0,-1.0]
[44.5,44.5]
[-1.0,-1.0]
[-1.0,-1.0]
[67.25,67.25]
[-1.0,-1.0]
[52.42857142857143,52.42857142857143]
[-1.0,-1.0]
[59.666666666666664,44.5]
[29.333333333333332,44.5]
[-1.0,-1.0]
[59.666666666666664,59.666666666666664]
[21.75,21.75]
[44.5,44.5]
[-1.0,-1.0]
[-1.0,-1.0]
[90.0,90.0]
[40.0,41.351351351351354]
[90.0,41.351351351351354]
[29.333333333333332,29.333333333333332]
[44.5,44.5]
[38.0,38.0]
[46.166666666666664,44.5]
[44.04545454545455,44.5]
[59.666666666666664,59.666666666666664]
[78.625,78.625]
[90.0,44.5]
[-1.0,44.5]
[44.5,69.75]
[95.0,69.75]
[-1.0,-1.0]
[21.75,32.0]
[42.25,32.0]
[-1.0,-1.0]
[44.7,44.7]
[33.125,33.125]
[-1.0,-1.0]
[-1.0,24.25]
[39.4,24.25]
[59.666666666666664,59.666666666666664]
[-1.0,-1.0]
[80.0,80.0]
[32.09090909090909,32.09090909090909]
[29.333333333333332,29.333333333333332]
[90.0,90.0]
[40.55555555555556,40.55555555555556]
[-1.0,-1.0]
[-1.0,-1.0]
[90.0,90.0]
[90.0,35.4]
[21.75,35.4]
[-1.0,-1.0]
[87.5,87.5]
[-1.0,-1.0]
[-1.0,-1.0]
[-1.0,-1.0]
[63.0,63.0]
[-1.0,-1.0]
[44.5,44.5]
[31.333333333333332,31.333333333333332]
[-1.0,-1.0]
[-1.0,-1.0]
[44.5,44.5]
[90.0,90.0]
[44.5,44.5]
[-1.0,-1.0]
[21.75,21.75]
[-1.0,-1.0]
[90.0,90.0]
[-1.0,50.36]
[52.5,50.36]
[-1.0,-1.0]
[49.5,24.25]
[-1.0,24.25]
[90.0,90.0]
[-1.0,-1.0]
[-1.0,-1.0]
[-1.0,-1.0]
[-1.0,-1.0]
[44.5,59.666666666666664]
[90.0,59.666666666666664]
[53.6,53.6]
[-1.0,-1.0]
[93.33333333333333,73.8]
[44.5,73.8]
[44.5,44.5]
[59.59090909090909,59.59090909090909]
[-1.0,-1.0]
[46.5,46.5]
[29.333333333333332,29.333333333333332]
[-1.0,-1.0]
[-1.0,-1.0]
[-1.0,-1.0]
[44.5,44.5]
[100.0,100.0]
[63.03333333333333,63.03333333333333]
[90.0,90.0]
[-1.0,-1.0]
[80.0,80.0]
[-1.0,-1.0]
[-1.0,-1.0]
[19.2,19.2]
[40.36363636363637,40.36363636363637]
[44.5,44.5]
[35.4,44.5]
[90.0,44.5]
[-1.0,-1.0]
[-1.0,-1.0]
[53.6,53.6]
[44.5,44.5]
[44.5,44.5]
[-1.0,-1.0]
[-1.0,-1.0]
[-1.0,-1.0]
[49.5,49.5]
[-1.0,-1.0]
[-1.0,-1.0]
[26.428571428571427,26.428571428571427]
[44.5,35.4]
[-1.0,35.4]
[-1.0,-1.0]
[-1.0,44.5]
[90.0,44.5]
[-1.0,-1.0]
[90.0,29.333333333333332]
[-1.0,29.333333333333332]
[59.666666666666664,59.666666666666664]
[-1.0,-1.0]
[-1.0,-1.0]
[-1.0,-1.0]
[-1.0,39.5]
[80.0,39.5]
[-1.0,-1.0]
[29.054054054054053,29.075]
[29.333333333333332,29.075]
[90.0,90.0]
[-1.0,-1.0]
[90.0,90.0]
[-1.0,-1.0]
[48.83783783783784,48.83783783783784]
[-1.0,-1.0]
[-1.0,-1.0]
[21.75,59.65]
[69.125,59.65]
[44.5,59.666666666666664]
[90.0,59.666666666666664]
[29.333333333333332,29.333333333333332]
[39.5,26.0]
[-1.0,26.0]
[29.333333333333332,29.333333333333332]
[66.33333333333333,66.33333333333333]
[57.6,57.6]
[-1.0,-1.0]
[44.5,44.5]
[90.0,90.0]
[90.0,90.0]
[-1.0,44.5]
[90.0,44.5]
[57.125,57.125]
[-1.0,-1.0]
[-1.0,-1.0]
[-1.0,-1.0]
[-1.0,-1.0]
[53.6,55.096774193548384]
[55.80952380952381,55.096774193548384]
[90.0,90.0]
[90.0,90.0]
[90.0,90.0]
[29.333333333333332,29.333333333333332]
[29.333333333333332,29.333333333333332]
[90.0,90.0]
[29.333333333333332,29.333333333333332]
[100.0,100.0]
[51.68421052631579,51.68421052631579]
[90.0,90.0]
[90.0,90.0]
[-1.0,-1.0]
[90.0,90.0]
[17.2,17.2]
[21.75,21.75]
[-1.0,-1.0]
[-1.0,-1.0]
[-1.0,-1.0]
[59.666666666666664,35.4]
[-1.0,35.4]
[90.0,90.0]
[90.0,90.0]
[55.6,53.142857142857146]
[47.0,53.142857142857146]
[-1.0,-1.0]
[44.5,44.5]
[-1.0,-1.0]
[-1.0,-1.0]
[44.5,44.5]
[-1.0,-1.0]
[67.25,67.25]
[80.0,80.0]
[-1.0,-1.0]
[21.75,17.2]
[-1.0,17.2]
[-1.0,-1.0]
[44.5,44.5]
[90.0,90.0]
[15.2,15.2]
[90.0,90.0]
[67.25,67.25]
[-1.0,-1.0]
[-1.0,-1.0]
[90.0,90.0]
[58.0,58.0]
[38.0,38.0]
[44.5,33.125]
[29.333333333333332,33.125]
[-1.0,-1.0]
[24.25,24.25]
[52.93333333333333,52.93333333333333]
[-1.0,-1.0]
[44.5,44.5]
[-1.0,-1.0]
[44.5,44.5]
[90.0,90.0]
[49.54545454545455,39.4375]
[17.2,39.4375]
[-1.0,-1.0]
[-1.0,21.75]
[35.4,21.75]
[29.333333333333332,29.333333333333332]
[90.0,90.0]
[-1.0,-1.0]
[-1.0,-1.0]
[-1.0,-1.0]
[90.0,90.0]
[33.125,33.125]
[90.0,90.0]
[90.0,90.0]
[-1.0,42.18181818181818]
[40.857142857142854,42.18181818181818]
[59.666666666666664,42.18181818181818]
[60.77777777777778,60.77777777777778]
[90.0,90.0]
[-1.0,-1.0]
[-1.0,-1.0]
[15.833333333333334,15.833333333333334]
[85.5,85.5]
[-1.0,-1.0]
[21.75,21.75]
[90.0,90.0]
[90.0,90.0]
[-1.0,32.666666666666664]
[49.5,32.666666666666664]
[-1.0,-1.0]
[44.5,44.5]
[-1.0,-1.0]
[-1.0,-1.0]
[-1.0,-1.0]
[90.0,90.0]
[26.0,26.0]
[-1.0,-1.0]
[44.5,44.5]
[43.354838709677416,43.354838709677416]
[-1.0,-1.0]
[90.0,44.5]
[-1.0,44.5]
[44.5,44.5]
[90.0,90.0]
[86.66666666666667,86.66666666666667]
[-1.0,-1.0]
[-1.0,-1.0]
[25.0,25.0]
[59.666666666666664,59.666666666666664]
[-1.0,-1.0]
[90.0,90.0]
[90.0,90.0]
[-1.0,-1.0]
[90.0,90.0]
[-1.0,-1.0]
[44.5,44.5]
[90.0,90.0]
[90.0,44.5]
[29.333333333333332,44.5]
[90.0,90.0]
[41.45,41.45]
[-1.0,-1.0]
[44.5,44.5]
[44.5,44.5]
[72.5,72.5]
[-1.0,-1.0]
[-1.0,-1.0]
[38.0,38.0]
[-1.0,-1.0]
[-1.0,-1.0]
[44.5,44.5]
[83.0,83.0]
[44.5,44.5]
[-1.0,-1.0]
[90.0,90.0]
[90.0,90.0]
[-1.0,-1.0]
[49.5,49.5]
[90.0,90.0]
[80.0,80.0]
[-1.0,-1.0]
[-1.0,-1.0]
[-1.0,-1.0]
[100.0,100.0]
[63.0,39.42857142857143]
[21.75,39.42857142857143]
[-1.0,-1.0]
