[44.5,44.5]
[49.5,49.5]
[81.5,81.5]
[-1.0,-1.0]
[-1.0,-1.0]
[44.5,44.5]
[44.5,44.5]
[90.0,90.0]
[49.5,49.5]
[44.5,44.5]
[-1.0,-1.0]
[-1.0,-1.0]
[-1.0,-1.0]
[63.0,39.42857142857143]
[21.75,39.42857142857143]
[90.0,90.0]
[-1.0,-1.0]
[-1.0,-1.0]
[-1.0,-1.0]
[44.5,44.5]
[44.5,44.5]
[-1.0,-1.0]
[100.0,100.0]
[52.083333333333336,41.46666666666667]
[-1.0,41.46666666666667]
[-1.0,-1.0]
[90.0,90.0]
[67.25,29.333333333333332]
[-1.0,29.333333333333332]
[-1.0,29.333333333333332]
[100.0,100.0]
[-1.0,-1.0]
[44.5,29.333333333333332]
[-1.0,29.333333333333332]
[45.333333333333336,45.333333333333336]
[-1.0,-1.0]
[-1.0,-1.0]
[-1.0,57.30909090909091]
[58.388888888888886,57.30909090909091]
[-1.0,-1.0]
[29.333333333333332,29.333333333333332]
[44.5,44.5]
[-1.0,-1.0]
[-1.0,29.333333333333332]
[44.5,29.333333333333332]
[35.4,29.333333333333332]
[100.0,100.0]
[-1.0,-1.0]
[-1.0,-1.0]
[90.0,29.333333333333332]
[-1.0,29.333333333333332]
[44.5,44.5]
[100.0,100.0]
[51.0,51.0]
[39.5,39.5]
[90.0,90.0]
[-1.0,-1.0]
[59.666666666666664,59.666666666666664]
[90.0,90.0]
[90.0,90.0]
[44.5,43.25]
[42.0,43.25]
[47.0,30.666666666666668]
[17.6,30.666666666666668]
[59.666666666666664,59.666666666666664]
[80.0,80.0]
[44.5,44.5]
[24.25,24.25]
[90.0,90.0]
[62.63636363636363,62.63636363636363]
[-1.0,-1.0]
[-1.0,-1.0]
[38.714285714285715,38.714285714285715]
[55.6,55.6]
[38.0,38.0]
[47.0,31.0]
[-1.0,31.0]
[90.0,90.0]
[-1.0,-1.0]
[44.5,44.5]
[90.0,44.5]
[-1.0,44.5]
[44.5,44.5]
[29.333333333333332,37.4]
[49.5,37.4]
[21.75,21.75]
[67.25,67.25]
[44.5,44.5]
[90.0,90.0]
[90.0,90.0]
[-1.0,-1.0]
[90.0,90.0]
[90.0,90.0]
[44.5,44.5]
[44.5,44.5]
[90.0,90.0]
[90.0,90.0]
[-1.0,42.833333333333336]
[64.75,42.833333333333336]
[-1.0,-1.0]
[29.333333333333332,35.4]
[38.0,35.4]
[90.0,44.5]
[-1.0,44.5]
[100.0,100.0]
[44.5,44.5]
[-1.0,-1.0]
[-1.0,-1.0]
[90.0,90.0]
[59.666666666666664,59.666666666666664]
[90.0,90.0]
[53.6,53.6]
[-1.0,-1.0]
[90.0,90.0]
[-1.0,-1.0]
[-1.0,-1.0]
[-1.0,-1.0]
[-1.0,-1.0]
[87.33333333333333,87.33333333333333]
[-1.0,-1.0]
[45.75,35.733333333333334]
[24.285714285714285,35.733333333333334]
[-1.0,-1.0]
[-1.0,-1.0]
[90.0,90.0]
[90.0,90.0]
[-1.0,-1.0]
[35.4,35.4]
[34.142857142857146,34.142857142857146]
[44.5,44.5]
[100.0,57.6]
[47.0,57.6]
[88.0,88.0]
[67.25,67.25]
[-1.0,-1.0]
[-1.0,44.5]
[90.0,44.5]
[39.5,39.5]
[90.0,90.0]
[-1.0,-1.0]
[-1.0,-1.0]
[53.370370370370374,53.370370370370374]
[36.733333333333334,34.375]
[-1.0,34.375]
[-1.0,-1.0]
[-1.0,-1.0]
[48.12820512820513,48.12820512820513]
[44.5,29.333333333333332]
[-1.0,29.333333333333332]
[67.25,44.5]
[44.5,44.5]
[21.75,44.5]
[-1.0,-1.0]
[63.0,63.0]
[59.666666666666664,59.666666666666664]
[29.333333333333332,29.333333333333332]
[-1.0,-1.0]
[41.27272727272727,34.76923076923077]
[-1.0,34.76923076923077]
[-1.0,34.76923076923077]
[90.0,90.0]
[-1.0,-1.0]
[-1.0,-1.0]
[51.0,51.0]
[44.5,67.25]
[90.0,67.25]
[44.5,44.5]
[44.5,44.5]
[95.0,55.6]
[90.0,55.6]
[-1.0,55.6]
[-1.0,-1.0]
[-1.0,-1.0]
[97.5,97.5]
[29.333333333333332,29.333333333333332]
[-1.0,9.11111111111111]
[17.2,9.11111111111111]
[67.25,67.25]
[90.0,90.0]
[-1.0,-1.0]
[-1.0,-1.0]
[-1.0,-1.0]
[90.0,90.0]
[26.0,26.0]
[-1.0,-1.0]
[-1.0,-1.0]
[-1.0,-1.0]
[-1.0,-1.0]
[-1.0,-1.0]
[44.5,44.5]
[-1.0,-1.0]
[-1.0,-1.0]
[44.5,44.5]
[-1.0,-1.0]
[-1.0,29.333333333333332]
[44.5,29.333333333333332]
[-1.0,-1.0]
[44.5,44.5]
[-1.0,-1.0]
[90.0,90.0]
[-1.0,32.09090909090909]
[35.4,32.09090909090909]
[35.4,35.4]
[35.4,35.4]
[59.666666666666664,59.666666666666664]
[28.666666666666668,28.666666666666668]
[-1.0,-1.0]
[29.333333333333332,35.4]
[44.5,35.4]
[90.0,90.0]
[-1.0,-1.0]
[23.266666666666666,30.652173913043477]
[44.5,30.652173913043477]
[-1.0,-1.0]
[56.333333333333336,56.333333333333336]
[21.75,21.75]
[-1.0,-1.0]
[26.0,26.0]
[44.5,44.5]
[44.5,44.5]
[90.0,90.0]
[-1.0,-1.0]
[-1.0,-1.0]
[90.0,90.0]
[-1.0,42.35575485799701]
[-1.0,42.35575485799701]
[100.0,42.35575485799701]
[44.5,42.35575485799701]
[44.5,42.35575485799701]
[90.0,42.35575485799701]
[90.0,42.35575485799701]
[-1.0,42.35575485799701]
[-1.0,42.35575485799701]
[44.5,42.35575485799701]
[-1.0,42.35575485799701]
[29.333333333333332,42.35575485799701]
[-1.0,42.35575485799701]
[90.0,42.35575485799701]
[-1.0,42.35575485799701]
[-1.0,42.35575485799701]
[90.0,42.35575485799701]
[-1.0,42.35575485799701]
[-1.0,42.35575485799701]
[-1.0,42.35575485799701]
[-1.0,42.35575485799701]
[24.25,42.35575485799701]
[-1.0,42.35575485799701]
[64.0,42.35575485799701]
[19.2,42.35575485799701]
[-1.0,42.35575485799701]
[90.0,42.35575485799701]
[38.0,42.35575485799701]
[90.0,42.35575485799701]
[47.1764705882353,42.35575485799701]
[53.6,42.35575485799701]
[90.0,42.35575485799701]
[44.5,42.35575485799701]
[35.4,42.35575485799701]
[-1.0,42.35575485799701]
[-1.0,42.35575485799701]
[36.916666666666664,42.35575485799701]
[-1.0,42.35575485799701]
[70.0,42.35575485799701]
[-1.0,42.35575485799701]
[-1.0,42.35575485799701]
[-1.0,42.35575485799701]
[63.0,42.35575485799701]
[-1.0,42.35575485799701]
[-1.0,42.35575485799701]
[90.0,42.35575485799701]
[-1.0,42.35575485799701]
[90.0,42.35575485799701]
[72.25,42.35575485799701]
[-1.0,42.35575485799701]
[-1.0,42.35575485799701]
[63.458333333333336,42.35575485799701]
[55.875,42.35575485799701]
[-1.0,42.35575485799701]
[53.6,42.35575485799701]
[-1.0,42.35575485799701]
[-1.0,42.35575485799701]
[90.0,42.35575485799701]
[90.0,42.35575485799701]
[44.5,42.35575485799701]
[51.85,42.35575485799701]
[-1.0,42.35575485799701]
[90.0,42.35575485799701]
[59.666666666666664,42.35575485799701]
[-1.0,42.35575485799701]
[-1.0,42.35575485799701]
[90.0,42.35575485799701]
[41.46666666666667,42.35575485799701]
[90.0,42.35575485799701]
[29.333333333333332,42.35575485799701]
[30.444444444444443,42.35575485799701]
[23.0,42.35575485799701]
[90.0,42.35575485799701]
[39.5,42.35575485799701]
[44.5,42.35575485799701]
[-1.0,42.35575485799701]
[-1.0,42.35575485799701]
[90.0,42.35575485799701]
[-1.0,42.35575485799701]
[73.8,42.35575485799701]
[-1.0,42.35575485799701]
[-1.0,42.35575485799701]
[67.25,42.35575485799701]
[-1.0,42.35575485799701]
[49.7906976744186,42.35575485799701]
[19.22222222222222,42.35575485799701]
[-1.0,42.35575485799701]
[-1.0,42.35575485799701]
[44.5,42.35575485799701]
[-1.0,42.35575485799701]
[44.5,42.35575485799701]
[46.0,42.35575485799701]
[63.0,42.35575485799701]
[-1.0,42.35575485799701]
[90.0,42.35575485799701]
[-1.0,42.35575485799701]
[90.0,42.35575485799701]
[67.25,42.35575485799701]
[100.0,42.35575485799701]
[40.5,42.35575485799701]
[-1.0,42.35575485799701]
[-1.0,42.35575485799701]
[90.0,42.35575485799701]
[90.0,42.35575485799701]
[29.333333333333332,42.35575485799701]
[-1.0,42.35575485799701]
[44.5,42.35575485799701]
[-1.0,42.35575485799701]
[90.0,42.35575485799701]
[90.0,42.35575485799701]
[90.0,42.35575485799701]
[44.5,42.35575485799701]
[-1.0,42.35575485799701]
[-1.0,42.35575485799701]
[-1.0,42.35575485799701]
[44.5,42.35575485799701]
[41.8235294117647,42.35575485799701]
[-1.0,42.35575485799701]
[-1.0,42.35575485799701]
[100.0,42.35575485799701]
[-1.0,42.35575485799701]
[53.6,42.35575485799701]
[21.75,42.35575485799701]
[-1.0,42.35575485799701]
[100.0,42.35575485799701]
[-1.0,42.35575485799701]
[90.0,42.35575485799701]
[-1.0,42.35575485799701]
[21.75,42.35575485799701]
[86.66666666666667,42.35575485799701]
[90.0,42.35575485799701]
[90.0,42.35575485799701]
[44.5,42.35575485799701]
[-1.0,42.35575485799701]
[43.5,42.35575485799701]
[90.0,42.35575485799701]
[-1.0,42.35575485799701]
[-1.0,42.35575485799701]
[90.0,42.35575485799701]
[44.5,42.35575485799701]
[100.0,42.35575485799701]
[44.5,42.35575485799701]
[-1.0,42.35575485799701]
[21.75,42.35575485799701]
[70.4,42.35575485799701]
[29.333333333333332,42.35575485799701]
[-1.0,42.35575485799701]
[-1.0,42.35575485799701]
[-1.0,42.35575485799701]
[90.0,42.35575485799701]
[-1.0,42.35575485799701]
[59.666666666666664,42.35575485799701]
[30.0,42.35575485799701]
[-1.0,42.35575485799701]
[90.0,42.35575485799701]
[-1.0,42.35575485799701]
[-1.0,42.35575485799701]
[58.78333333333333,42.35575485799701]
[-1.0,42.35575485799701]
[49.5,42.35575485799701]
[60.84615384615385,42.35575485799701]
[-1.0,42.35575485799701]
[44.5,42.35575485799701]
[44.5,42.35575485799701]
[90.0,42.35575485799701]
[-1.0,42.35575485799701]
[17.2,42.35575485799701]
[-1.0,42.35575485799701]
[-1.0,42.35575485799701]
[-1.0,42.35575485799701]
[76.5,42.35575485799701]
[44.5,42.35575485799701]
[44.5,42.35575485799701]
[90.0,42.35575485799701]
[-1.0,42.35575485799701]
[90.0,42.35575485799701]
[-1.0,42.35575485799701]
[28.666666666666668,42.35575485799701]
[90.0,42.35575485799701]
[18.68421052631579,42.35575485799701]
[89.0,42.35575485799701]
[44.5,42.35575485799701]
[52.285714285714285,42.35575485799701]
[-1.0,42.35575485799701]
[-1.0,42.35575485799701]
[45.05555555555556,42.35575485799701]
[44.5,42.35575485799701]
[17.2,42.35575485799701]
[-1.0,42.35575485799701]
[-1.0,42.35575485799701]
[100.0,42.35575485799701]
[-1.0,42.35575485799701]
[-1.0,42.35575485799701]
[-1.0,42.35575485799701]
[44.5,42.35575485799701]
[-1.0,42.35575485799701]
[90.0,42.35575485799701]
[-1.0,42.35575485799701]
[90.0,42.35575485799701]
[90.0,42.35575485799701]
[44.5,42.35575485799701]
[44.5,42.35575485799701]
[59.666666666666664,42.35575485799701]
[100.0,42.35575485799701]
[21.75,42.35575485799701]
[-1.0,42.35575485799701]
[60.77777777777778,42.35575485799701]
[-1.0,42.35575485799701]
[29.333333333333332,42.35575485799701]
[55.6,42.35575485799701]
[49.5,42.35575485799701]
[63.57142857142857,42.35575485799701]
[-1.0,42.35575485799701]
[-1.0,42.35575485799701]
[44.5,42.35575485799701]
[-1.0,42.35575485799701]
[29.333333333333332,42.35575485799701]
[65.18181818181819,42.35575485799701]
[47.1764705882353,42.35575485799701]
[27.666666666666668,42.35575485799701]
[-1.0,42.35575485799701]
[49.5,42.35575485799701]
[29.333333333333332,42.35575485799701]
[-1.0,42.35575485799701]
[-1.0,42.35575485799701]
[-1.0,42.35575485799701]
[-1.0,42.35575485799701]
[90.0,42.35575485799701]
[23.0,42.35575485799701]
[90.0,42.35575485799701]
[-1.0,42.35575485799701]
[-1.0,42.35575485799701]
[-1.0,42.35575485799701]
[-1.0,42.35575485799701]
[-1.0,42.35575485799701]
[90.0,42.35575485799701]
[-1.0,42.35575485799701]
[-1.0,42.35575485799701]
[44.5,42.35575485799701]
[29.333333333333332,42.35575485799701]
[49.55555555555556,42.35575485799701]
[44.0,42.35575485799701]
[55.6,42.35575485799701]
[-1.0,42.35575485799701]
[-1.0,42.35575485799701]
[44.5,42.35575485799701]
[-1.0,42.35575485799701]
[44.5,42.35575485799701]
[-1.0,42.35575485799701]
[-1.0,42.35575485799701]
[44.5,42.35575485799701]
[62.333333333333336,42.35575485799701]
[59.666666666666664,42.35575485799701]
[62.70175438596491,42.35575485799701]
[90.0,42.35575485799701]
[44.5,42.35575485799701]
[21.75,42.35575485799701]
[-1.0,42.35575485799701]
[-1.0,42.35575485799701]
[-1.0,42.35575485799701]
[-1.0,42.35575485799701]
[80.0,42.35575485799701]
[100.0,42.35575485799701]
[17.2,42.35575485799701]
[37.31578947368421,42.35575485799701]
[-1.0,42.35575485799701]
[-1.0,42.35575485799701]
[-1.0,42.35575485799701]
[90.0,42.35575485799701]
[70.53846153846153,42.35575485799701]
[-1.0,42.35575485799701]
[29.333333333333332,42.35575485799701]
[90.0,42.35575485799701]
[-1.0,42.35575485799701]
[89.5,42.35575485799701]
[-1.0,42.35575485799701]
[-1.0,42.35575485799701]
[44.5,42.35575485799701]
[-1.0,42.35575485799701]
[44.5,42.35575485799701]
[35.4,42.35575485799701]
[90.0,42.35575485799701]
[44.5,42.35575485799701]
[-1.0,42.35575485799701]
[-1.0,42.35575485799701]
[90.0,42.35575485799701]
[-1.0,42.35575485799701]
[-1.0,42.35575485799701]
[-1.0,42.35575485799701]
[100.0,42.35575485799701]
[100.0,42.35575485799701]
[-1.0,42.35575485799701]
[-1.0,42.35575485799701]
[-1.0,42.35575485799701]
[-1.0,42.35575485799701]
[29.333333333333332,42.35575485799701]
[66.33333333333333,42.35575485799701]
[44.5,42.35575485799701]
[-1.0,42.35575485799701]
[100.0,42.35575485799701]
[-1.0,42.35575485799701]
[-1.0,42.35575485799701]
[44.5,42.35575485799701]
[21.75,42.35575485799701]
[100.0,42.35575485799701]
[-1.0,42.35575485799701]
[-1.0,42.35575485799701]
[-1.0,42.35575485799701]
[21.75,42.35575485799701]
[90.0,42.35575485799701]
[-1.0,42.35575485799701]
[44.5,42.35575485799701]
[22.583333333333332,42.35575485799701]
[-1.0,42.35575485799701]
[44.5,42.35575485799701]
[90.0,42.35575485799701]
[-1.0,42.35575485799701]
[-1.0,42.35575485799701]
[44.5,42.35575485799701]
[33.125,42.35575485799701]
[-1.0,42.35575485799701]
[57.6,42.35575485799701]
[-1.0,42.35575485799701]
[46.292307692307695,42.35575485799701]
[67.25,42.35575485799701]
[-1.0,42.35575485799701]
[90.0,42.35575485799701]
[-1.0,42.35575485799701]
[-1.0,42.35575485799701]
[21.75,42.35575485799701]
[100.0,42.35575485799701]
[-1.0,42.35575485799701]
[32.09090909090909,42.35575485799701]
[29.333333333333332,42.35575485799701]
[44.5,42.35575485799701]
[44.5,42.35575485799701]
[-1.0,42.35575485799701]
[-1.0,42.35575485799701]
[-1.0,42.35575485799701]
[49.5,42.35575485799701]
[25.0,42.35575485799701]
[-1.0,42.35575485799701]
[100.0,42.35575485799701]
[-1.0,42.35575485799701]
[35.4,42.35575485799701]
[95.0,42.35575485799701]
[40.55555555555556,42.35575485799701]
[25.0,42.35575485799701]
[-1.0,42.35575485799701]
[90.0,42.35575485799701]
[44.5,42.35575485799701]
[44.5,42.35575485799701]
[90.0,42.35575485799701]
[21.75,42.35575485799701]
[-1.0,42.35575485799701]
[66.26666666666667,42.35575485799701]
[90.0,42.35575485799701]
[-1.0,42.35575485799701]
[44.5,42.35575485799701]
[-1.0,42.35575485799701]
[69.75,42.35575485799701]
[29.333333333333332,42.35575485799701]
[21.75,42.35575485799701]
[29.333333333333332,42.35575485799701]
[49.5,42.35575485799701]
[100.0,42.35575485799701]
[-1.0,42.35575485799701]
[100.0,42.35575485799701]
[47.0,42.35575485799701]
[-1.0,42.35575485799701]
[29.333333333333332,42.35575485799701]
[-1.0,42.35575485799701]
[44.5,42.35575485799701]
[90.0,42.35575485799701]
[-1.0,42.35575485799701]
[67.25,42.35575485799701]
[29.333333333333332,42.35575485799701]
[-1.0,42.35575485799701]
[90.0,42.35575485799701]
[29.333333333333332,42.35575485799701]
[44.5,42.35575485799701]
[-1.0,42.35575485799701]
[29.333333333333332,42.35575485799701]
[32.666666666666664,42.35575485799701]
[90.0,42.35575485799701]
[-1.0,42.35575485799701]
[-1.0,42.35575485799701]
[95.0,42.35575485799701]
[90.0,42.35575485799701]
[90.0,42.35575485799701]
[44.5,42.35575485799701]
[55.875,42.35575485799701]
[44.5,42.35575485799701]
[-1.0,42.35575485799701]
[-1.0,42.35575485799701]
[14.166666666666666,42.35575485799701]
[67.25,42.35575485799701]
[-1.0,42.35575485799701]
[-1.0,42.35575485799701]
[-1.0,42.35575485799701]
[90.0,42.35575485799701]
[90.0,42.35575485799701]
[63.0,42.35575485799701]
[-1.0,42.35575485799701]
[44.5,42.35575485799701]
[-1.0,42.35575485799701]
[-1.0,42.35575485799701]
[29.666666666666668,42.35575485799701]
[35.4,42.35575485799701]
[-1.0,42.35575485799701]
[44.5,42.35575485799701]
[90.0,42.35575485799701]
[64.0,42.35575485799701]
[59.666666666666664,42.35575485799701]
[44.5,42.35575485799701]
[-1.0,42.35575485799701]
[-1.0,42.35575485799701]
[22.25,42.35575485799701]
[77.0,42.35575485799701]
[80.0,42.35575485799701]
[-1.0,42.35575485799701]
[49.5,42.35575485799701]
[-1.0,42.35575485799701]
[-1.0,42.35575485799701]
[-1.0,42.35575485799701]
[43.86666666666667,42.35575485799701]
[45.75,42.35575485799701]
[-1.0,42.35575485799701]
[-1.0,42.35575485799701]
[-1.0,42.35575485799701]
[80.0,42.35575485799701]
[-1.0,42.35575485799701]
[-1.0,42.35575485799701]
[-1.0,42.35575485799701]
[55.6,42.35575485799701]
[49.5,42.35575485799701]
[59.666666666666664,42.35575485799701]
[-1.0,42.35575485799701]
[53.6,42.35575485799701]
[90.0,42.35575485799701]
[-1.0,42.35575485799701]
[-1.0,42.35575485799701]
[41.76923076923077,42.35575485799701]
[53.6,42.35575485799701]
[42.88235294117647,42.35575485799701]
[-1.0,42.35575485799701]
[-1.0,42.35575485799701]
[-1.0,42.35575485799701]
[29.333333333333332,42.35575485799701]
[27.666666666666668,42.35575485799701]
[-1.0,42.35575485799701]
[44.5,42.35575485799701]
[-1.0,42.35575485799701]
[-1.0,42.35575485799701]
[44.25,42.35575485799701]
[-1.0,42.35575485799701]
[-1.0,42.35575485799701]
[29.333333333333332,42.35575485799701]
[-1.0,42.35575485799701]
[21.75,42.35575485799701]
[-1.0,42.35575485799701]
[32.666666666666664,42.35575485799701]
[33.6,42.35575485799701]
[-1.0,42.35575485799701]
[-1.0,42.35575485799701]
[90.0,42.35575485799701]
[44.5,42.35575485799701]
[49.5,42.35575485799701]
[67.25,42.35575485799701]
[-1.0,42.35575485799701]
[27.0,42.35575485799701]
[-1.0,42.35575485799701]
[90.0,42.35575485799701]
[41.70967741935484,42.35575485799701]
[90.0,42.35575485799701]
[100.0,42.35575485799701]
[90.0,42.35575485799701]
[90.0,42.35575485799701]
[38.0,42.35575485799701]
[44.5,42.35575485799701]
[44.21052631578947,42.35575485799701]
[29.333333333333332,42.35575485799701]
[44.5,42.35575485799701]
[-1.0,42.35575485799701]
[-1.0,42.35575485799701]
[-1.0,42.35575485799701]
[44.5,42.35575485799701]
[-1.0,42.35575485799701]
[44.5,42.35575485799701]
[-1.0,42.35575485799701]
[-1.0,42.35575485799701]
[44.5,42.35575485799701]
[90.0,42.35575485799701]
[90.0,42.35575485799701]
[66.33333333333333,42.35575485799701]
[-1.0,42.35575485799701]
[90.0,42.35575485799701]
[49.54545454545455,42.35575485799701]
[-1.0,42.35575485799701]
[-1.0,42.35575485799701]
[14.166666666666666,42.35575485799701]
[95.0,42.35575485799701]
[-1.0,42.35575485799701]
[59.666666666666664,42.35575485799701]
[-1.0,42.35575485799701]
[44.5,42.35575485799701]
[29.333333333333332,42.35575485799701]
[-1.0,42.35575485799701]
[53.6,42.35575485799701]
[90.0,42.35575485799701]
[44.5,42.35575485799701]
[-1.0,42.35575485799701]
[69.77777777777777,42.35575485799701]
[90.0,42.35575485799701]
[-1.0,42.35575485799701]
[-1.0,-1.0]
[-1.0,-1.0]
[-1.0,-1.0]
[90.0,90.0]
[-1.0,26.3]
[29.333333333333332,26.3]
[90.0,90.0]
[90.0,90.0]
[90.0,90.0]
[71.8,71.8]
[-1.0,-1.0]
[39.42857142857143,39.42857142857143]
[-1.0,44.5]
[59.666666666666664,44.5]
[14.166666666666666,14.166666666666666]
[21.75,21.75]
[17.2,15.545454545454545]
[29.333333333333332,15.545454545454545]
[-1.0,15.545454545454545]
[29.333333333333332,29.333333333333332]
[38.0,29.333333333333332]
[-1.0,29.333333333333332]
[-1.0,-1.0]
[-1.0,-1.0]
[-1.0,-1.0]
[44.5,44.5]
[-1.0,-1.0]
[-1.0,-1.0]
[-1.0,-1.0]
[90.0,90.0]
[-1.0,-1.0]
[-1.0,-1.0]
[-1.0,-1.0]
[90.0,90.0]
[51.0,51.0]
[44.5,25.0]
[29.333333333333332,25.0]
[-1.0,25.0]
[90.0,90.0]
[90.0,90.0]
[90.0,90.0]
[43.294117647058826,40.65853658536585]
[27.857142857142858,40.65853658536585]
[44.5,44.5]
[21.75,34.375]
[47.0,34.375]
[-1.0,-1.0]
[-1.0,-1.0]
[-1.0,-1.0]
[95.0,95.0]
[-1.0,-1.0]
[90.0,90.0]
[90.0,90.0]
[90.0,90.0]
[21.75,27.4375]
[36.916666666666664,27.4375]
[100.0,100.0]
[72.25,72.25]
[90.0,29.333333333333332]
[-1.0,29.333333333333332]
[44.5,29.333333333333332]
[-1.0,29.333333333333332]
[-1.0,-1.0]
[100.0,100.0]
[-1.0,-1.0]
[-1.0,-1.0]
[44.5,35.4]
[33.125,35.4]
[100.0,100.0]
[14.166666666666666,14.166666666666666]
[-1.0,-1.0]
[-1.0,-1.0]
[15.833333333333334,15.833333333333334]
[-1.0,-1.0]
[90.0,44.5]
[-1.0,44.5]
[59.666666666666664,59.666666666666664]
[90.0,90.0]
[90.0,90.0]
[90.0,90.0]
[46.5,46.5]
[-1.0,-1.0]
[90.0,29.333333333333332]
[-1.0,29.333333333333332]
[71.8,71.8]
[29.333333333333332,44.5]
[90.0,44.5]
[-1.0,-1.0]
[49.5,49.5]
[-1.0,-1.0]
[-1.0,-1.0]
[100.0,100.0]
[29.333333333333332,29.333333333333332]
[-1.0,-1.0]
[90.0,90.0]
[44.5,44.5]
[44.5,44.5]
[21.75,29.333333333333332]
[-1.0,29.333333333333332]
[90.0,29.333333333333332]
[44.5,35.4]
[-1.0,35.4]
[90.0,90.0]
[90.0,90.0]
[-1.0,-1.0]
[29.333333333333332,23.933333333333334]
[22.583333333333332,23.933333333333334]
[90.0,90.0]
[44.5,44.5]
[38.92307692307692,38.92307692307692]
[-1.0,-1.0]
[-1.0,-1.0]
[-1.0,-1.0]
[-1.0,-1.0]
[44.5,44.5]
[65.5,65.5]
[90.0,90.0]
[29.333333333333332,29.333333333333332]
[-1.0,-1.0]
[29.333333333333332,21.75]
[-1.0,21.75]
[-1.0,52.42857142857143]
[93.33333333333333,52.42857142857143]
[90.0,52.42857142857143]
[40.55555555555556,52.42857142857143]
[29.333333333333332,29.333333333333332]
[-1.0,-1.0]
[-1.0,40.36363636363637]
[-1.0,40.36363636363637]
[44.5,40.36363636363637]
[59.666666666666664,40.36363636363637]
[31.555555555555557,34.206896551724135]
[35.4,34.206896551724135]
[63.0,63.0]
[-1.0,-1.0]
[63.0,63.0]
[44.5,44.5]
[90.0,90.0]
[90.0,90.0]
[100.0,100.0]
[90.0,44.5]
[-1.0,44.5]
[32.666666666666664,32.666666666666664]
[59.666666666666664,56.85217391304348]
[56.776785714285715,56.85217391304348]
[36.4,36.4]
[64.0,64.0]
[21.75,21.75]
[89.0,89.0]
[-1.0,-1.0]
[44.5,44.5]
[90.0,90.0]
[90.0,90.0]
[29.333333333333332,29.333333333333332]
[58.17741935483871,53.526315789473685]
[35.53846153846154,53.526315789473685]
[-1.0,53.526315789473685]
[90.0,90.0]
[50.2,50.2]
[-1.0,-1.0]
[-1.0,-1.0]
[39.5,39.5]
[-1.0,-1.0]
[-1.0,-1.0]
[-1.0,-1.0]
[-1.0,-1.0]
[-1.0,-1.0]
[-1.0,-1.0]
[-1.0,-1.0]
[90.0,90.0]
[-1.0,59.666666666666664]
[90.0,59.666666666666664]
[90.0,59.666666666666664]
[-1.0,-1.0]
[30.666666666666668,30.666666666666668]
[45.75,45.75]
[-1.0,-1.0]
[-1.0,72.25]
[96.66666666666667,72.25]
[-1.0,43.0]
[87.0,43.0]
[-1.0,-1.0]
[-1.0,44.5]
[90.0,44.5]
[29.333333333333332,29.333333333333332]
[55.875,55.875]
[90.0,90.0]
[14.166666666666666,14.166666666666666]
[90.0,90.0]
[90.0,90.0]
[-1.0,-1.0]
[44.05555555555556,39.55]
[-1.0,39.55]
[90.0,44.5]
[-1.0,44.5]
[12.0,12.0]
[90.0,90.0]
[44.5,44.5]
[67.25,67.25]
[90.0,90.0]
[-1.0,17.2]
[44.5,17.2]
[-1.0,-1.0]
[-1.0,-1.0]
[-1.0,-1.0]
[65.25,65.25]
[-1.0,-1.0]
[-1.0,-1.0]
[90.0,90.0]
[90.0,90.0]
[-1.0,-1.0]
[-1.0,67.25]
[90.0,67.25]
[90.0,67.25]
[59.666666666666664,59.666666666666664]
[-1.0,-1.0]
[49.5,49.5]
[100.0,100.0]
[47.1764705882353,47.1764705882353]
[50.54929577464789,50.54929577464789]
[44.5,44.5]
[90.0,41.111111111111114]
[35.0,41.111111111111114]
[29.333333333333332,14.166666666666666]
[-1.0,14.166666666666666]
[-1.0,14.166666666666666]
[-1.0,-1.0]
[44.5,44.5]
[90.0,90.0]
[-1.0,-1.0]
[-1.0,-1.0]
[-1.0,-1.0]
[90.0,90.0]
[-1.0,-1.0]
[-1.0,-1.0]
[90.0,90.66666666666667]
[94.0,90.66666666666667]
[-1.0,-1.0]
[-1.0,-1.0]
[-1.0,44.5]
[90.0,44.5]
[29.333333333333332,29.333333333333332]
[-1.0,21.75]
[90.0,21.75]
[90.0,90.0]
[-1.0,-1.0]
[-1.0,-1.0]
[-1.0,-1.0]
[90.0,90.0]
[-1.0,-1.0]
[-1.0,-1.0]
[44.77777777777778,44.77777777777778]
[44.5,44.5]
[44.5,44.5]
[28.22222222222222,28.22222222222222]
[-1.0,-1.0]
[15.545454545454545,15.545454545454545]
[-1.0,-1.0]
[-1.0,17.2]
[21.75,17.2]
[-1.0,-1.0]
[-1.0,47.0]
[63.0,47.0]
[-1.0,-1.0]
[-1.0,-1.0]
[-1.0,-1.0]
[-1.0,-1.0]
[90.0,90.0]
[59.666666666666664,59.666666666666664]
[39.42857142857143,39.42857142857143]
[90.0,90.0]
[49.5,49.5]
[100.0,100.0]
[33.55882352941177,33.55882352941177]
[90.0,90.0]
[90.0,90.0]
[-1.0,-1.0]
[-1.0,-1.0]
[44.5,44.5]
[-1.0,-1.0]
[-1.0,-1.0]
[-1.0,-1.0]
[90.0,90.0]
[90.0,90.0]
[-1.0,-1.0]
[-1.0,-1.0]
[-1.0,-1.0]
[90.0,90.0]
[-1.0,-1.0]
[-1.0,-1.0]
[67.25,67.25]
[-1.0,-1.0]
[-1.0,-1.0]
[29.333333333333332,29.333333333333332]
[44.5,44.5]
[-1.0,-1.0]
[90.0,90.0]
[-1.0,-1.0]
[90.0,90.0]
[-1.0,-1.0]
[100.0,72.25]
[44.5,72.25]
[100.0,72.25]
[100.0,100.0]
[90.0,59.666666666666664]
[44.5,59.666666666666664]
[92.5,92.5]
[-1.0,-1.0]
[-1.0,-1.0]
[-1.0,-1.0]
[100.0,100.0]
[90.0,35.4]
[21.75,35.4]
[53.86666666666667,53.28125]
[44.5,53.28125]
[-1.0,-1.0]
[29.333333333333332,29.333333333333332]
[-1.0,-1.0]
[-1.0,-1.0]
[95.0,79.85714285714286]
[59.666666666666664,79.85714285714286]
[-1.0,-1.0]
[-1.0,32.666666666666664]
[-1.0,32.666666666666664]
[100.0,32.666666666666664]
[56.333333333333336,56.333333333333336]
[47.0,68.5]
[90.0,68.5]
[36.30769230769231,36.30769230769231]
[90.0,90.0]
[-1.0,-1.0]
[-1.0,-1.0]
[53.516129032258064,53.516129032258064]
[44.5,44.5]
[-1.0,-1.0]
[90.0,90.0]
[59.25,59.25]
[55.27536231884058,55.27536231884058]
[29.333333333333332,29.333333333333332]
[-1.0,-1.0]
[90.0,44.5]
[42.68,44.5]
[41.18181818181818,41.18181818181818]
[21.75,33.125]
[44.5,33.125]
[34.4,34.4]
[-1.0,-1.0]
[-1.0,-1.0]
[41.0,41.0]
[55.875,55.875]
[59.666666666666664,59.666666666666664]
[29.333333333333332,29.333333333333332]
[90.0,90.0]
[37.0,37.0]
[90.0,90.0]
[90.0,90.0]
[90.0,90.0]
[44.5,44.5]
[59.53125,59.53125]
[44.5,44.5]
[90.0,67.25]
[-1.0,67.25]
[90.0,67.25]
[-1.0,-1.0]
[90.0,90.0]
[-1.0,-1.0]
[92.5,92.5]
[-1.0,-1.0]
[-1.0,-1.0]
[56.373493975903614,56.373493975903614]
[90.0,90.0]
[46.666666666666664,42.93103448275862]
[35.4,42.93103448275862]
[29.333333333333332,42.93103448275862]
[45.45945945945946,48.40909090909091]
[64.0,48.40909090909091]
[-1.0,-1.0]
[57.596774193548384,57.596774193548384]
[41.96875,41.96875]
[-1.0,-1.0]
[90.0,90.0]
[-1.0,29.333333333333332]
[90.0,29.333333333333332]
[-1.0,-1.0]
[-1.0,-1.0]
[-1.0,-1.0]
[-1.0,-1.0]
[45.65765765765766,42.41610738255034]
[35.857142857142854,42.41610738255034]
[-1.0,42.41610738255034]
[-1.0,-1.0]
[19.25,19.25]
[41.46666666666667,41.46666666666667]
[-1.0,40.36363636363637]
[-1.0,40.36363636363637]
[90.0,40.36363636363637]
[71.8,40.36363636363637]
[-1.0,-1.0]
[47.31304347826087,47.31304347826087]
[-1.0,44.5]
[90.0,44.5]
[-1.0,-1.0]
[44.5,44.5]
[44.5,44.5]
[90.0,90.0]
[36.083333333333336,36.083333333333336]
[49.5,49.5]
[44.5,44.5]
[44.5,44.5]
[90.0,29.333333333333332]
[-1.0,29.333333333333332]
[-1.0,-1.0]
[-1.0,-1.0]
[44.5,44.5]
[17.2,17.2]
[89.5,89.5]
[-1.0,58.375]
[66.85714285714286,58.375]
[-1.0,-1.0]
[69.8,69.8]
[55.0,54.078947368421055]
[53.6,54.078947368421055]
[23.571428571428573,23.571428571428573]
[-1.0,-1.0]
[29.333333333333332,29.333333333333332]
[90.0,90.0]
[63.0,63.0]
[44.5,44.5]
[-1.0,-1.0]
[29.333333333333332,44.5]
[90.0,44.5]
[-1.0,-1.0]
[90.0,44.5]
[-1.0,44.5]
[-1.0,-1.0]
[-1.0,38.583333333333336]
[46.5,38.583333333333336]
[19.25,19.25]
[90.0,90.0]
[90.0,90.0]
[59.666666666666664,59.666666666666664]
[39.42857142857143,39.42857142857143]
[44.5,44.5]
[-1.0,-1.0]
[36.30769230769231,36.30769230769231]
[90.0,90.0]
[-1.0,44.5]
[90.0,44.5]
[25.0,25.0]
[10.375,9.11111111111111]
[-1.0,9.11111111111111]
[29.333333333333332,29.333333333333332]
[-1.0,-1.0]
[-1.0,-1.0]
[100.0,100.0]
[47.0,47.0]
[95.0,95.0]
[90.0,90.0]
[-1.0,-1.0]
[-1.0,-1.0]
[90.0,90.0]
[47.1875,47.1875]
[-1.0,-1.0]
[29.333333333333332,29.333333333333332]
[-1.0,-1.0]
[85.0,85.0]
[-1.0,-1.0]
[-1.0,-1.0]
[-1.0,-1.0]
[59.666666666666664,59.666666666666664]
[90.0,90.0]
[49.5,49.5]
[-1.0,14.166666666666666]
[17.2,14.166666666666666]
[29.333333333333332,17.2]
[-1.0,17.2]
[53.6,53.6]
[-1.0,-1.0]
[-1.0,-1.0]
[59.666666666666664,59.666666666666664]
[-1.0,-1.0]
[-1.0,-1.0]
[44.5,44.5]
[-1.0,-1.0]
[29.333333333333332,29.333333333333332]
[-1.0,-1.0]
[100.0,100.0]
[12.0,12.0]
[35.4,35.4]
[42.5,42.5]
[-1.0,-1.0]
[-1.0,-1.0]
[-1.0,-1.0]
[-1.0,-1.0]
[-1.0,-1.0]
[-1.0,-1.0]
[-1.0,-1.0]
[-1.0,21.75]
[44.5,21.75]
[-1.0,21.75]
[44.5,44.5]
[90.0,90.0]
[90.0,90.0]
[-1.0,-1.0]
[31.0,12.714285714285714]
[-1.0,12.714285714285714]
[-1.0,12.714285714285714]
[-1.0,-1.0]
[44.5,44.5]
[44.5,44.5]
[90.0,90.0]
[-1.0,-1.0]
[53.6,53.6]
[-1.0,-1.0]
[63.31147540983606,63.31147540983606]
[-1.0,-1.0]
[59.666666666666664,59.666666666666664]
[-1.0,-1.0]
[-1.0,-1.0]
[90.0,90.0]
[-1.0,-1.0]
[-1.0,-1.0]
[44.5,44.5]
[90.0,91.42857142857143]
[90.0,91.42857142857143]
[93.33333333333333,91.42857142857143]
[59.6,42.285714285714285]
[-1.0,42.285714285714285]
[59.666666666666664,59.666666666666664]
[12.0,26.46153846153846]
[43.333333333333336,26.46153846153846]
[90.0,46.166666666666664]
[24.25,46.166666666666664]
[-1.0,-1.0]
[-1.0,-1.0]
[53.78947368421053,53.78947368421053]
[-1.0,-1.0]
[44.5,44.5]
[59.666666666666664,59.666666666666664]
[21.75,21.75]
[-1.0,-1.0]
[58.723684210526315,58.723684210526315]
[-1.0,-1.0]
[35.4,35.4]
[-1.0,-1.0]
[100.0,100.0]
[54.61538461538461,54.61538461538461]
[56.333333333333336,56.333333333333336]
[90.0,90.0]
[-1.0,-1.0]
[-1.0,-1.0]
[29.333333333333332,29.333333333333332]
[-1.0,-1.0]
[59.666666666666664,59.666666666666664]
[-1.0,-1.0]
[-1.0,-1.0]
[90.0,90.0]
[90.0,90.0]
[90.0,90.0]
[100.0,100.0]
[90.0,90.0]
[100.0,100.0]
[-1.0,-1.0]
[90.0,71.8]
[90.0,71.8]
[44.5,71.8]
[-1.0,-1.0]
[-1.0,-1.0]
[-1.0,-1.0]
[21.75,21.75]
[90.0,90.0]
[90.0,90.0]
[49.5,49.5]
[100.0,100.0]
[90.0,90.0]
[-1.0,-1.0]
[-1.0,19.214285714285715]
[32.666666666666664,19.214285714285715]
[44.5,19.214285714285715]
[44.5,19.214285714285715]
[-1.0,19.214285714285715]
[-1.0,-1.0]
[-1.0,-1.0]
[90.0,90.0]
[-1.0,-1.0]
[-1.0,-1.0]
[90.0,90.0]
[100.0,100.0]
[-1.0,-1.0]
[-1.0,-1.0]
[29.333333333333332,21.75]
[-1.0,21.75]
[-1.0,-1.0]
[29.333333333333332,29.333333333333332]
[-1.0,-1.0]
[39.44444444444444,36.470588235294116]
[33.125,36.470588235294116]
[67.25,57.125]
[47.0,57.125]
[44.5,21.75]
[-1.0,21.75]
[-1.0,-1.0]
[-1.0,-1.0]
[-1.0,-1.0]
[44.5,44.5]
[44.5,44.5]
[44.5,44.5]
[41.0,52.857142857142854]
[66.33333333333333,52.857142857142854]
[44.5,52.857142857142854]
[90.0,90.0]
[-1.0,-1.0]
[47.0,47.0]
[39.5,39.5]
[24.88,24.88]
[51.0,51.0]
[90.0,44.5]
[-1.0,44.5]
[67.25,67.25]
[44.5,29.333333333333332]
[-1.0,29.333333333333332]
[26.0,26.0]
[-1.0,-1.0]
[29.333333333333332,29.333333333333332]
[52.291666666666664,54.509803921568626]
[90.0,54.509803921568626]
[90.0,90.0]
[90.0,90.0]
[90.0,90.0]
[90.0,90.0]
[35.32432432432432,35.32432432432432]
[100.0,100.0]
[90.0,90.0]
[26.0,26.0]
[38.0,38.0]
[-1.0,-1.0]
[46.166666666666664,46.166666666666664]
[59.666666666666664,59.666666666666664]
[90.0,90.0]
[-1.0,-1.0]
[39.42857142857143,39.42857142857143]
[90.0,90.0]
[-1.0,-1.0]
[-1.0,-1.0]
[-1.0,-1.0]
[29.333333333333332,29.333333333333332]
[61.875,59.96969696969697]
[-1.0,59.96969696969697]
[-1.0,44.5]
[90.0,44.5]
[67.25,67.25]
[90.0,44.5]
[-1.0,44.5]
[90.0,44.5]
[-1.0,44.5]
[90.0,90.0]
[90.0,90.0]
[95.0,63.0]
[-1.0,63.0]
[-1.0,-1.0]
[29.333333333333332,29.333333333333332]
[47.22727272727273,47.22727272727273]
[29.333333333333332,21.75]
[-1.0,21.75]
[-1.0,-1.0]
[44.5,44.5]
[80.0,80.0]
[59.666666666666664,67.25]
[90.0,67.25]
[47.833333333333336,47.833333333333336]
[90.0,90.0]
[-1.0,-1.0]
[50.395348837209305,49.22727272727273]
[-1.0,49.22727272727273]
[44.5,44.5]
[-1.0,-1.0]
[90.0,90.0]
[90.0,90.0]
[90.0,90.0]
[66.07692307692308,66.07692307692308]
[14.166666666666666,14.166666666666666]
[33.05263157894737,33.05263157894737]
[29.333333333333332,29.333333333333332]
[-1.0,44.5]
[59.666666666666664,44.5]
[29.333333333333332,29.333333333333332]
[-1.0,-1.0]
[-1.0,-1.0]
[-1.0,-1.0]
[-1.0,-1.0]
[90.0,90.0]
[35.4,35.4]
[-1.0,-1.0]
[-1.0,24.25]
[49.5,24.25]
[-1.0,-1.0]
[-1.0,-1.0]
[44.5,29.333333333333332]
[21.75,29.333333333333332]
[44.5,44.5]
[-1.0,-1.0]
[44.5,59.666666666666664]
[90.0,59.666666666666664]
[47.0,47.0]
[44.5,44.5]
[-1.0,-1.0]
[90.0,90.0]
[44.5,44.5]
[34.0,34.0]
[-1.0,44.5]
[53.6,44.5]
[-1.0,-1.0]
[54.67058823529412,54.67058823529412]
[46.666666666666664,46.666666666666664]
[-1.0,-1.0]
[90.0,90.0]
[-1.0,-1.0]
[56.90909090909091,56.90909090909091]
[93.33333333333333,93.33333333333333]
[-1.0,-1.0]
[-1.0,-1.0]
[-1.0,-1.0]
[50.876543209876544,50.876543209876544]
[90.0,90.0]
[-1.0,-1.0]
[33.25925925925926,33.25925925925926]
[59.6,59.6]
[70.8,70.8]
[44.5,44.5]
[-1.0,-1.0]
[24.25,24.25]
[17.2,17.2]
[39.42857142857143,39.42857142857143]
[-1.0,-1.0]
[-1.0,-1.0]
[-1.0,-1.0]
[-1.0,-1.0]
[-1.0,-1.0]
[49.5,49.5]
[53.6,53.6]
[90.0,90.0]
[-1.0,-1.0]
[48.07692307692308,48.07692307692308]
[-1.0,29.333333333333332]
[44.5,29.333333333333332]
[44.5,44.5]
[-1.0,-1.0]
[-1.0,-1.0]
[-1.0,29.333333333333332]
[44.5,29.333333333333332]
[17.2,40.36363636363637]
[38.0,40.36363636363637]
[46.666666666666664,40.36363636363637]
[51.0,36.916666666666664]
[17.2,36.916666666666664]
[90.0,90.0]
[56.0,56.0]
[90.0,90.0]
[-1.0,-1.0]
[29.333333333333332,29.333333333333332]
[-1.0,-1.0]
[-1.0,-1.0]
[44.5,38.0]
[44.5,38.0]
[29.333333333333332,38.0]
[90.0,90.0]
[90.0,90.0]
[-1.0,-1.0]
[100.0,63.0]
[55.6,63.0]
[-1.0,-1.0]
[90.0,90.0]
[44.5,44.5]
[100.0,100.0]
[-1.0,-1.0]
[80.0,80.0]
[38.42857142857143,38.42857142857143]
[52.529411764705884,52.529411764705884]
[44.5,44.5]
[17.2,55.31707317073171]
[60.611111111111114,55.31707317073171]
[45.75,45.75]
[62.0,62.0]
[90.0,90.0]
[45.5,45.5]
[90.0,90.0]
[-1.0,-1.0]
[44.5,53.6]
[90.0,53.6]
[-1.0,-1.0]
[59.98804780876494,59.98804780876494]
[44.5,44.5]
[-1.0,-1.0]
[17.2,22.583333333333332]
[26.428571428571427,22.583333333333332]
[21.75,21.75]
[90.0,90.0]
[-1.0,-1.0]
[35.4,29.333333333333332]
[-1.0,29.333333333333332]
[-1.0,-1.0]
[-1.0,-1.0]
[63.0,63.0]
[52.42857142857143,45.5]
[29.333333333333332,45.5]
[-1.0,-1.0]
[-1.0,-1.0]
[-1.0,-1.0]
[29.333333333333332,36.4]
[100.0,36.4]
[-1.0,-1.0]
[90.0,90.0]
[-1.0,-1.0]
[-1.0,-1.0]
[-1.0,-1.0]
[-1.0,-1.0]
[90.0,90.0]
[90.0,90.0]
[-1.0,32.666666666666664]
[49.5,32.666666666666664]
[-1.0,21.75]
[90.0,21.75]
[-1.0,21.75]
[41.81481481481482,41.81481481481482]
[44.5,44.5]
[90.0,90.0]
[-1.0,-1.0]
[-1.0,-1.0]
[77.0,77.0]
[44.5,44.5]
[-1.0,-1.0]
[90.0,90.0]
[-1.0,-1.0]
[-1.0,21.75]
[44.5,21.75]
[-1.0,-1.0]
[54.375,43.3]
[-1.0,43.3]
[-1.0,-1.0]
[-1.0,-1.0]
[29.333333333333332,29.333333333333332]
[70.75,70.75]
[-1.0,-1.0]
[-1.0,-1.0]
[-1.0,-1.0]
[90.0,90.0]
[90.0,90.0]
[90.0,90.0]
[-1.0,-1.0]
[35.4,35.4]
[90.0,90.0]
[90.0,90.0]
[90.0,17.2]
[-1.0,17.2]
[-1.0,-1.0]
[48.63636363636363,48.63636363636363]
[90.0,90.0]
[-1.0,-1.0]
[-1.0,-1.0]
[-1.0,25.0]
[-1.0,25.0]
[44.5,25.0]
[31.555555555555557,29.3125]
[32.666666666666664,29.3125]
[21.75,29.3125]
[-1.0,-1.0]
[35.4,44.5]
[53.6,44.5]
[59.666666666666664,59.666666666666664]
[14.166666666666666,14.166666666666666]
[39.44444444444444,39.44444444444444]
[90.0,90.0]
[44.5,29.333333333333332]
[-1.0,29.333333333333332]
[-1.0,-1.0]
[90.0,59.666666666666664]
[44.5,59.666666666666664]
[90.0,90.0]
[44.5,35.4]
[29.333333333333332,35.4]
[27.857142857142858,27.857142857142858]
[100.0,100.0]
[29.333333333333332,29.333333333333332]
[44.5,35.4]
[-1.0,35.4]
[44.5,35.4]
[-1.0,-1.0]
[50.857142857142854,36.833333333333336]
[17.2,36.833333333333336]
[-1.0,52.6]
[66.0,52.6]
[14.166666666666666,14.166666666666666]
[44.5,44.5]
[90.0,90.0]
[90.0,90.0]
[39.4,39.4]
[-1.0,67.25]
[90.0,67.25]
[25.0,29.88888888888889]
[27.0,29.88888888888889]
[34.375,29.88888888888889]
[34.375,29.88888888888889]
[44.5,44.5]
[-1.0,-1.0]
[90.0,90.0]
[-1.0,-1.0]
[24.25,24.25]
[-1.0,-1.0]
[90.0,90.0]
[90.0,90.0]
[-1.0,-1.0]
[59.2,49.25]
[-1.0,49.25]
[49.5,49.25]
[44.5,44.5]
[29.333333333333332,29.333333333333332]
[44.5,44.5]
[-1.0,-1.0]
[-1.0,-1.0]
[90.0,59.666666666666664]
[44.5,59.666666666666664]
[30.444444444444443,35.53846153846154]
[47.0,35.53846153846154]
[44.5,44.5]
[90.0,90.0]
[-1.0,-1.0]
[90.0,90.0]
[-1.0,-1.0]
[56.90909090909091,56.90909090909091]
[-1.0,-1.0]
[-1.0,-1.0]
[90.0,90.0]
[90.0,90.0]
[90.0,90.0]
[-1.0,-1.0]
[90.0,90.0]
[32.666666666666664,32.666666666666664]
[90.0,90.0]
[-1.0,-1.0]
[-1.0,-1.0]
[-1.0,-1.0]
[-1.0,-1.0]
[44.5,44.5]
[16.2,16.2]
[-1.0,-1.0]
[90.0,90.0]
[59.666666666666664,59.666666666666664]
[-1.0,-1.0]
[90.0,90.0]
[-1.0,-1.0]
[-1.0,-1.0]
[-1.0,-1.0]
[-1.0,-1.0]
[44.5,44.5]
[35.4,35.4]
[44.5,44.5]
[-1.0,-1.0]
[-1.0,-1.0]
[90.0,90.0]
[-1.0,26.428571428571427]
[47.0,26.428571428571427]
[55.26086956521739,55.26086956521739]
[26.428571428571427,26.428571428571427]
[-1.0,-1.0]
[-1.0,-1.0]
[31.0,31.0]
[53.6,53.6]
[44.5,44.5]
[-1.0,-1.0]
[-1.0,-1.0]
[-1.0,-1.0]
[-1.0,-1.0]
[44.5,44.5]
[-1.0,-1.0]
[64.0,64.0]
[26.5,26.5]
[-1.0,-1.0]
[67.25,67.25]
[-1.0,-1.0]
[90.0,90.0]
[-1.0,-1.0]
[39.5,39.5]
[-1.0,-1.0]
[50.51162790697674,48.66346153846154]
[39.833333333333336,48.66346153846154]
[-1.0,-1.0]
[-1.0,-1.0]
[-1.0,-1.0]
[49.5,49.5]
[44.5,44.5]
[-1.0,-1.0]
[90.0,90.0]
[52.083333333333336,52.083333333333336]
[-1.0,-1.0]
[-1.0,-1.0]
[-1.0,-1.0]
[44.5,44.5]
[44.5,44.5]
[80.0,80.0]
[-1.0,-1.0]
[-1.0,-1.0]
[-1.0,-1.0]
[-1.0,-1.0]
[17.2,17.2]
[-1.0,-1.0]
[49.54545454545455,49.54545454545455]
[93.33333333333333,93.33333333333333]
[-1.0,-1.0]
[90.0,90.0]
[-1.0,-1.0]
[90.0,90.0]
[35.4,33.125]
[29.333333333333332,33.125]
[90.0,90.0]
[-1.0,47.1764705882353]
[48.63636363636363,47.1764705882353]
[38.857142857142854,30.96153846153846]
[21.75,30.96153846153846]
[-1.0,-1.0]
[35.91304347826087,35.91304347826087]
[59.666666666666664,59.666666666666664]
[44.5,44.5]
[90.0,90.0]
[-1.0,-1.0]
[29.333333333333332,29.333333333333332]
[63.7,63.7]
[-1.0,-1.0]
[47.0,47.0]
[-1.0,-1.0]
[56.266666666666666,56.266666666666666]
[-1.0,-1.0]
[-1.0,-1.0]
[-1.0,-1.0]
[-1.0,-1.0]
[-1.0,-1.0]
[-1.0,-1.0]
[-1.0,-1.0]
[90.0,90.0]
[-1.0,-1.0]
[90.0,90.0]
[-1.0,-1.0]
[90.0,44.5]
[-1.0,44.5]
[52.81818181818182,61.0]
[72.25,61.0]
[-1.0,-1.0]
[-1.0,-1.0]
[-1.0,-1.0]
[90.0,90.0]
[71.8,71.8]
[21.75,14.166666666666666]
[-1.0,14.166666666666666]
[19.22222222222222,19.22222222222222]
[30.0,30.0]
[29.333333333333332,29.333333333333332]
[-1.0,-1.0]
[-1.0,-1.0]
[-1.0,-1.0]
[-1.0,-1.0]
[44.5,44.5]
[21.75,20.333333333333332]
[-1.0,20.333333333333332]
[-1.0,20.333333333333332]
[-1.0,20.333333333333332]
[49.5,20.333333333333332]
[44.5,44.5]
[44.5,44.5]
[-1.0,-1.0]
[90.0,90.0]
[-1.0,-1.0]
[-1.0,-1.0]
[90.0,90.0]
[90.0,90.0]
[-1.0,-1.0]
[-1.0,-1.0]
[44.5,44.5]
[67.25,67.25]
[-1.0,-1.0]
[-1.0,-1.0]
[-1.0,-1.0]
[90.0,90.0]
[-1.0,-1.0]
[54.82608695652174,53.2962962962963]
[44.5,53.2962962962963]
[-1.0,-1.0]
[-1.0,-1.0]
[90.0,90.0]
[-1.0,-1.0]
[-1.0,-1.0]
[-1.0,-1.0]
[-1.0,-1.0]
[100.0,100.0]
[44.5,44.5]
[-1.0,-1.0]
[44.5,44.5]
[90.0,21.75]
[-1.0,21.75]
[90.0,41.27272727272727]
[39.42857142857143,41.27272727272727]
[29.333333333333332,41.27272727272727]
[29.333333333333332,29.333333333333332]
[-1.0,-1.0]
[44.5,44.5]
[44.5,44.5]
[-1.0,-1.0]
[43.666666666666664,32.708333333333336]
[21.75,32.708333333333336]
[44.5,44.5]
[-1.0,-1.0]
[-1.0,-1.0]
[-1.0,-1.0]
[-1.0,-1.0]
[-1.0,-1.0]
[100.0,66.33333333333333]
[49.5,66.33333333333333]
[35.0,44.93877551020408]
[47.48717948717949,44.93877551020408]
[-1.0,-1.0]
[-1.0,-1.0]
[44.5,44.5]
[35.4,44.5]
[53.6,44.5]
[-1.0,29.333333333333332]
[44.5,29.333333333333332]
[-1.0,-1.0]
[90.0,90.0]
[-1.0,-1.0]
[90.0,90.0]
[29.333333333333332,47.53333333333333]
[50.333333333333336,47.53333333333333]
[44.5,44.5]
[-1.0,-1.0]
[29.333333333333332,29.333333333333332]
[90.0,59.666666666666664]
[44.5,59.666666666666664]
[44.5,44.5]
[-1.0,-1.0]
[80.0,80.0]
[29.333333333333332,29.333333333333332]
[55.0,53.6]
[52.529411764705884,53.6]
[-1.0,-1.0]
[-1.0,-1.0]
[90.0,90.0]
[31.764705882352942,33.10526315789474]
[44.5,33.10526315789474]
[-1.0,-1.0]
[45.5,45.5]
[59.666666666666664,59.666666666666664]
[53.6,44.5]
[29.333333333333332,44.5]
[44.5,44.5]
[44.5,44.5]
[48.0,48.0]
[80.0,80.0]
[49.5,42.53846153846154]
[90.0,42.53846153846154]
[25.0,42.53846153846154]
[49.5,42.53846153846154]
[-1.0,-1.0]
[90.0,44.5]
[-1.0,44.5]
[-1.0,-1.0]
[29.333333333333332,41.46666666666667]
[53.6,41.46666666666667]
[-1.0,41.46666666666667]
[-1.0,-1.0]
[51.0,51.0]
[-1.0,-1.0]
[44.5,44.5]
[67.25,67.25]
[-1.0,-1.0]
[21.75,21.75]
[59.666666666666664,59.666666666666664]
[-1.0,-1.0]
[86.66666666666667,86.66666666666667]
[-1.0,-1.0]
[44.5,44.833333333333336]
[45.5,44.833333333333336]
[44.5,59.666666666666664]
[90.0,59.666666666666664]
[44.5,37.775]
[33.291666666666664,37.775]
[90.0,90.0]
[29.333333333333332,29.333333333333332]
[100.0,100.0]
[-1.0,-1.0]
[17.2,44.38461538461539]
[50.857142857142854,44.38461538461539]
[-1.0,-1.0]
[14.166666666666666,42.22857142857143]
[48.03448275862069,42.22857142857143]
[44.5,44.5]
[47.0,47.0]
[-1.0,-1.0]
[51.0,51.0]
[-1.0,-1.0]
[67.25,32.09090909090909]
[12.0,32.09090909090909]
[59.666666666666664,59.666666666666664]
[-1.0,-1.0]
[-1.0,-1.0]
[59.666666666666664,59.666666666666664]
[44.5,44.5]
[44.5,44.5]
[90.0,90.0]
[-1.0,-1.0]
[-1.0,-1.0]
[80.0,80.0]
[-1.0,-1.0]
[-1.0,-1.0]
[-1.0,-1.0]
[59.666666666666664,35.4]
[-1.0,35.4]
[-1.0,35.4]
[44.5,44.5]
[39.5,39.5]
[74.36363636363636,46.629629629629626]
[35.4,46.629629629629626]
[39.19298245614035,46.629629629629626]
[68.5,46.629629629629626]
[53.6,53.6]
[44.5,44.5]
[100.0,100.0]
[-1.0,24.25]
[49.5,24.25]
[90.0,90.0]
[29.333333333333332,29.333333333333332]
[90.0,90.0]
[-1.0,-1.0]
[-1.0,-1.0]
[44.5,51.0]
[53.6,51.0]
[-1.0,-1.0]
[-1.0,-1.0]
[57.770833333333336,57.770833333333336]
[-1.0,-1.0]
[90.0,90.0]
[-1.0,29.333333333333332]
[44.5,29.333333333333332]
[-1.0,-1.0]
[-1.0,-1.0]
[35.4,35.4]
[-1.0,-1.0]
[44.5,55.875]
[59.666666666666664,55.875]
[37.4,37.4]
[-1.0,-1.0]
[-1.0,-1.0]
[90.0,90.0]
[90.0,90.0]
[92.5,48.265822784810126]
[45.906666666666666,48.265822784810126]
[51.0,51.0]
[-1.0,-1.0]
[-1.0,-1.0]
[90.0,44.5]
[29.333333333333332,44.5]
[44.5,44.5]
[25.814814814814813,49.246808510638296]
[52.28846153846154,49.246808510638296]
[44.5,44.5]
[44.5,44.5]
[44.5,44.5]
[-1.0,-1.0]
[-1.0,-1.0]
[53.6,53.6]
[44.5,44.5]
[47.12,47.12]
[-1.0,-1.0]
[90.0,90.0]
[-1.0,-1.0]
[90.0,90.0]
[56.90909090909091,56.90909090909091]
[45.145161290322584,49.067708333333336]
[50.93846153846154,49.067708333333336]
[90.0,90.0]
[29.333333333333332,29.333333333333332]
[80.0,80.0]
[-1.0,-1.0]
[-1.0,-1.0]
[48.63636363636363,32.54545454545455]
[10.375,32.54545454545455]
[-1.0,32.54545454545455]
[49.5,32.54545454545455]
[-1.0,-1.0]
[90.0,90.0]
[90.0,90.0]
[-1.0,-1.0]
[19.22222222222222,19.22222222222222]
[-1.0,-1.0]
[25.0,25.0]
[-1.0,-1.0]
[25.0,25.0]
[55.54545454545455,52.16216216216216]
[24.25,52.16216216216216]
[-1.0,44.5]
[90.0,44.5]
[52.42857142857143,52.42857142857143]
[44.5,44.5]
[44.5,13.0]
[-1.0,13.0]
[17.2,13.0]
[29.333333333333332,44.5]
[90.0,44.5]
[-1.0,-1.0]
[47.0,47.0]
[-1.0,-1.0]
[59.666666666666664,59.666666666666664]
[59.666666666666664,59.666666666666664]
[-1.0,-1.0]
[-1.0,-1.0]
[-1.0,-1.0]
[-1.0,-1.0]
[-1.0,-1.0]
[-1.0,-1.0]
[48.73913043478261,48.73913043478261]
[-1.0,-1.0]
[46.5,42.18181818181818]
[-1.0,42.18181818181818]
[73.4,73.4]
[-1.0,-1.0]
[-1.0,-1.0]
[53.6,53.6]
[51.0,51.0]
[-1.0,-1.0]
[-1.0,-1.0]
[14.166666666666666,14.166666666666666]
[90.0,90.0]
[44.5,44.5]
[90.0,90.0]
[-1.0,-1.0]
[-1.0,-1.0]
[-1.0,21.75]
[90.0,21.75]
[-1.0,21.75]
[35.4,21.75]
[14.166666666666666,21.75]
[-1.0,21.75]
[52.733333333333334,49.375]
[-1.0,49.375]
[-1.0,-1.0]
[80.0,80.0]
[-1.0,-1.0]
[-1.0,-1.0]
[44.5,44.5]
[-1.0,-1.0]
[44.5,44.5]
[21.75,21.75]
[90.0,90.0]
[-1.0,-1.0]
[41.76923076923077,41.76923076923077]
[44.5,29.333333333333332]
[-1.0,29.333333333333332]
[90.0,90.0]
[90.0,90.0]
[-1.0,-1.0]
[-1.0,-1.0]
[90.0,90.0]
[-1.0,-1.0]
[90.0,90.0]
[44.5,44.5]
[-1.0,-1.0]
[90.0,90.0]
[29.333333333333332,29.333333333333332]
[90.0,90.0]
[-1.0,-1.0]
[29.333333333333332,29.333333333333332]
[-1.0,-1.0]
[29.333333333333332,35.4]
[44.5,35.4]
[42.0,42.0]
[59.666666666666664,59.666666666666664]
[-1.0,-1.0]
[29.333333333333332,29.333333333333332]
[49.5,49.5]
[-1.0,-1.0]
[-1.0,-1.0]
[44.5,21.75]
[-1.0,21.75]
[-1.0,-1.0]
[90.0,90.0]
[-1.0,-1.0]
[-1.0,-1.0]
[90.0,90.0]
[57.125,57.125]
[90.0,90.0]
[71.8,71.8]
[44.5,44.5]
[44.5,53.6]
[90.0,53.6]
[-1.0,-1.0]
[-1.0,9.11111111111111]
[-1.0,9.11111111111111]
[-1.0,9.11111111111111]
[29.333333333333332,9.11111111111111]
[-1.0,-1.0]
[60.333333333333336,60.333333333333336]
[54.46153846153846,54.46153846153846]
[46.94230769230769,46.94230769230769]
[90.0,90.0]
[100.0,100.0]
[-1.0,-1.0]
[90.0,90.0]
[90.0,90.0]
[14.166666666666666,14.166666666666666]
[54.46153846153846,54.46153846153846]
[49.5,49.5]
[-1.0,-1.0]
[-1.0,-1.0]
[90.0,51.0]
[35.4,51.0]
[90.0,90.0]
[90.0,90.0]
[-1.0,-1.0]
[-1.0,-1.0]
[-1.0,-1.0]
[-1.0,-1.0]
[44.5,44.5]
[-1.0,-1.0]
[32.666666666666664,32.666666666666664]
[44.5,44.5]
[46.25,46.25]
[90.0,90.0]
[90.0,90.0]
[-1.0,-1.0]
[-1.0,-1.0]
[59.666666666666664,59.666666666666664]
[-1.0,-1.0]
[50.62352941176471,50.62352941176471]
[71.8,71.8]
[71.8,71.8]
[-1.0,-1.0]
[90.0,90.0]
[85.0,85.0]
[90.0,90.0]
[-1.0,-1.0]
[90.0,90.0]
[48.0,48.0]
[-1.0,-1.0]
[90.0,90.0]
[48.0,48.0]
[-1.0,-1.0]
[44.5,44.5]
[33.125,33.125]
[-1.0,-1.0]
[-1.0,-1.0]
[-1.0,-1.0]
[-1.0,29.333333333333332]
[44.5,29.333333333333332]
[53.6,53.6]
[-1.0,-1.0]
[90.0,90.0]
[33.4,33.4]
[90.0,90.0]
[-1.0,-1.0]
[67.25,67.25]
[42.52173913043478,42.52173913043478]
[44.5,44.5]
[49.5,49.5]
[59.666666666666664,59.666666666666664]
[29.333333333333332,29.333333333333332]
[100.0,100.0]
[89.75,89.75]
[-1.0,-1.0]
[44.5,44.5]
[-1.0,-1.0]
[-1.0,-1.0]
[-1.0,-1.0]
[-1.0,-1.0]
[44.5,44.5]
[-1.0,-1.0]
[38.0,38.0]
[-1.0,-1.0]
[-1.0,-1.0]
[49.55,49.55]
[90.0,90.0]
[45.853658536585364,45.853658536585364]
[80.0,56.333333333333336]
[44.5,56.333333333333336]
[90.0,90.0]
[-1.0,35.4]
[44.5,35.4]
[-1.0,-1.0]
[-1.0,-1.0]
[50.666666666666664,50.666666666666664]
[-1.0,-1.0]
[52.42857142857143,52.42857142857143]
[69.76923076923077,69.76923076923077]
[29.333333333333332,29.333333333333332]
[-1.0,-1.0]
[50.666666666666664,50.666666666666664]
[-1.0,-1.0]
[-1.0,-1.0]
[90.0,90.0]
[47.0,47.0]
[46.0625,42.95238095238095]
[33.0,42.95238095238095]
[-1.0,-1.0]
[-1.0,44.5]
[47.1764705882353,44.5]
[44.5,44.5]
[33.4,45.5]
[57.6,45.5]
[-1.0,-1.0]
[-1.0,-1.0]
[71.8,71.8]
[-1.0,-1.0]
[-1.0,-1.0]
[19.2,19.2]
[90.0,90.0]
[-1.0,-1.0]
[95.0,95.0]
[44.5,44.5]
[-1.0,-1.0]
[59.666666666666664,59.666666666666664]
[44.5,44.5]
[63.0,63.0]
[-1.0,-1.0]
[-1.0,53.6]
[67.25,53.6]
[-1.0,-1.0]
[45.125,45.125]
[44.5,44.5]
[44.5,44.5]
[44.0,44.0]
[54.625,54.625]
[32.666666666666664,32.666666666666664]
[49.5,49.5]
[-1.0,-1.0]
[-1.0,-1.0]
[47.53333333333333,47.53333333333333]
[-1.0,-1.0]
[90.0,90.0]
[90.0,38.8125]
[35.4,38.8125]
[65.18181818181819,65.18181818181819]
[44.5,44.5]
[90.0,90.0]
[53.06666666666667,53.06666666666667]
[-1.0,-1.0]
[90.0,90.0]
[90.0,90.0]
[76.5,76.5]
[93.33333333333333,93.33333333333333]
[-1.0,-1.0]
[-1.0,-1.0]
[-1.0,-1.0]
[-1.0,-1.0]
[44.5,50.1875]
[56.90909090909091,50.1875]
[29.333333333333332,50.1875]
[-1.0,-1.0]
[-1.0,-1.0]
[65.17073170731707,65.17073170731707]
[14.166666666666666,29.333333333333332]
[59.666666666666664,29.333333333333332]
[90.0,90.0]
[-1.0,-1.0]
[-1.0,-1.0]
[59.666666666666664,59.666666666666664]
[100.0,100.0]
[44.5,44.5]
[-1.0,-1.0]
[90.0,90.0]
[90.0,55.875]
[51.0,55.875]
[-1.0,-1.0]
[59.666666666666664,59.666666666666664]
[63.53846153846154,53.36363636363637]
[54.266666666666666,53.36363636363637]
[45.62162162162162,53.36363636363637]
[53.440366972477065,53.36363636363637]
[24.25,51.609756097560975]
[57.708333333333336,51.609756097560975]
[48.76923076923077,51.609756097560975]
[-1.0,25.0]
[-1.0,25.0]
[90.0,25.0]
[21.75,25.0]
[29.333333333333332,29.333333333333332]
[38.0,38.0]
[17.2,17.2]
[-1.0,-1.0]
[59.666666666666664,59.666666666666664]
[-1.0,-1.0]
[100.0,49.5]
[-1.0,49.5]
[59.666666666666664,59.666666666666664]
[35.4,35.4]
[39.5,56.333333333333336]
[90.0,56.333333333333336]
[-1.0,-1.0]
[49.5,24.25]
[-1.0,24.25]
[59.666666666666664,59.666666666666664]
[-1.0,-1.0]
[60.54545454545455,60.54545454545455]
[90.0,51.48936170212766]
[42.36842105263158,51.48936170212766]
[22.307692307692307,20.88888888888889]
[17.2,20.88888888888889]
[38.0,38.0]
[44.5,44.5]
[-1.0,-1.0]
[-1.0,-1.0]
[44.5,44.5]
[90.0,90.0]
[90.0,90.0]
[-1.0,-1.0]
[59.666666666666664,59.666666666666664]
[69.75,69.75]
[67.25,44.5]
[-1.0,44.5]
[-1.0,-1.0]
[29.333333333333332,21.75]
[-1.0,21.75]
[53.666666666666664,53.666666666666664]
[44.5,44.5]
[38.0,56.63333333333333]
[62.30434782608695,56.63333333333333]
[-1.0,-1.0]
[-1.0,34.0]
[44.5,34.0]
[-1.0,-1.0]
[44.5,44.5]
[65.0909090909091,65.0909090909091]
[90.0,90.0]
[49.5,32.666666666666664]
[-1.0,32.666666666666664]
[59.666666666666664,59.666666666666664]
[32.75,32.75]
[90.0,90.0]
[54.611111111111114,52.925925925925924]
[49.55555555555556,52.925925925925924]
[-1.0,-1.0]
[-1.0,-1.0]
[53.6,57.125]
[63.0,57.125]
[59.666666666666664,59.666666666666664]
[-1.0,-1.0]
[64.27272727272727,64.27272727272727]
[29.333333333333332,29.333333333333332]
[-1.0,-1.0]
[59.666666666666664,59.666666666666664]
[-1.0,-1.0]
[100.0,100.0]
[21.75,17.2]
[-1.0,17.2]
[-1.0,-1.0]
[42.13333333333333,42.13333333333333]
[44.5,44.5]
[-1.0,-1.0]
[-1.0,-1.0]
[61.333333333333336,61.333333333333336]
[21.75,21.75]
[-1.0,-1.0]
[45.0,45.0]
[49.5,49.5]
[49.05,49.05]
[32.666666666666664,32.666666666666664]
[67.25,67.25]
[44.5,44.5]
[-1.0,-1.0]
[51.44444444444444,51.44444444444444]
[-1.0,-1.0]
[-1.0,-1.0]
[-1.0,-1.0]
[-1.0,-1.0]
[24.25,45.125]
[66.0,45.125]
[-1.0,35.4]
[-1.0,35.4]
[59.666666666666664,35.4]
[-1.0,-1.0]
[-1.0,-1.0]
[-1.0,-1.0]
[70.5,70.5]
[-1.0,-1.0]
[90.0,90.0]
[-1.0,-1.0]
[90.0,90.0]
[39.44444444444444,39.44444444444444]
[85.0,85.0]
[44.5,44.5]
[38.0,38.0]
[90.0,35.4]
[-1.0,35.4]
[-1.0,35.4]
[29.333333333333332,29.333333333333332]
[90.0,90.0]
[100.0,100.0]
[-1.0,17.2]
[-1.0,17.2]
[90.0,17.2]
[46.1875,46.1875]
[62.95652173913044,62.95652173913044]
[90.0,90.0]
[-1.0,-1.0]
[-1.0,-1.0]
[-1.0,-1.0]
[-1.0,-1.0]
[80.0,80.0]
[59.666666666666664,59.666666666666664]
[-1.0,-1.0]
[-1.0,-1.0]
[44.5,44.5]
[-1.0,-1.0]
[46.166666666666664,46.166666666666664]
[-1.0,-1.0]
[-1.0,35.4]
[90.0,35.4]
[29.333333333333332,35.4]
[-1.0,-1.0]
[-1.0,-1.0]
[-1.0,-1.0]
[90.0,90.0]
[-1.0,-1.0]
[90.0,90.0]
[-1.0,-1.0]
[90.0,90.0]
[90.0,90.0]
[90.0,90.0]
[39.55555555555556,39.55555555555556]
[42.225806451612904,42.225806451612904]
[51.0,51.0]
[-1.0,-1.0]
[-1.0,-1.0]
[-1.0,-1.0]
[-1.0,-1.0]
[38.0,38.0]
[-1.0,-1.0]
[59.666666666666664,59.666666666666664]
[-1.0,-1.0]
[53.3448275862069,53.3448275862069]
[90.0,90.0]
[17.2,17.2]
[59.666666666666664,59.666666666666664]
[44.5,17.2]
[-1.0,17.2]
[-1.0,-1.0]
[90.0,90.0]
[-1.0,-1.0]
[-1.0,-1.0]
[100.0,100.0]
[54.1,54.1]
[100.0,100.0]
[53.6,53.6]
[42.75,42.75]
[66.18556701030928,66.18556701030928]
[-1.0,67.25]
[77.0,67.25]
[-1.0,44.5]
[90.0,44.5]
[-1.0,-1.0]
[-1.0,-1.0]
[44.5,44.5]
[-1.0,-1.0]
[60.96774193548387,60.96774193548387]
[35.4,35.4]
[90.0,90.0]
[90.0,90.0]
[44.5,35.4]
[29.333333333333332,35.4]
[44.5,38.0]
[35.4,38.0]
[-1.0,-1.0]
[-1.0,-1.0]
[-1.0,-1.0]
[90.0,90.0]
[-1.0,-1.0]
[-1.0,-1.0]
[-1.0,-1.0]
[-1.0,-1.0]
[90.0,90.0]
[-1.0,13.333333333333334]
[18.11111111111111,13.333333333333334]
[90.0,90.0]
[-1.0,-1.0]
[-1.0,-1.0]
[90.0,90.0]
[57.92727272727273,57.92727272727273]
[90.0,90.0]
[-1.0,-1.0]
[49.5,34.81818181818182]
[32.666666666666664,34.81818181818182]
[31.0,34.81818181818182]
[-1.0,-1.0]
[-1.0,-1.0]
[69.77777777777777,69.77777777777777]
[90.0,90.0]
[90.0,90.0]
[-1.0,-1.0]
[49.3421052631579,41.351851851851855]
[22.375,41.351851851851855]
[60.77777777777778,60.77777777777778]
[64.0,64.0]
[-1.0,14.166666666666666]
[21.75,14.166666666666666]
[44.5,44.5]
[-1.0,-1.0]
[46.166666666666664,46.166666666666664]
[14.166666666666666,14.166666666666666]
[54.3125,54.3125]
[-1.0,-1.0]
[90.0,90.0]
[90.0,90.0]
[90.0,90.0]
[-1.0,-1.0]
[-1.0,-1.0]
[-1.0,-1.0]
[72.25,72.25]
[90.0,90.0]
[39.5,39.5]
[69.75,69.75]
[-1.0,-1.0]
[39.142857142857146,35.906976744186046]
[21.75,35.906976744186046]
[59.666666666666664,59.666666666666664]
[-1.0,-1.0]
[-1.0,-1.0]
[-1.0,-1.0]
[80.0,80.0]
[90.0,90.0]
[90.0,90.0]
[90.0,90.0]
[44.5,44.5]
[90.0,44.5]
[29.333333333333332,44.5]
[-1.0,-1.0]
[53.6,53.6]
[85.0,85.0]
[51.01315789473684,48.73684210526316]
[44.18421052631579,48.73684210526316]
[32.666666666666664,32.666666666666664]
[90.0,44.5]
[-1.0,44.5]
[-1.0,-1.0]
[57.648275862068964,57.648275862068964]
[-1.0,-1.0]
[-1.0,-1.0]
[59.666666666666664,59.666666666666664]
[29.333333333333332,29.333333333333332]
[90.0,59.666666666666664]
[44.5,59.666666666666664]
[44.5,44.5]
[-1.0,-1.0]
[-1.0,-1.0]
[32.666666666666664,32.666666666666664]
[-1.0,-1.0]
[90.0,90.0]
[-1.0,-1.0]
[49.45283018867924,49.45283018867924]
[30.444444444444443,30.444444444444443]
[90.0,90.0]
[-1.0,-1.0]
[90.0,90.0]
[-1.0,-1.0]
[44.5,29.333333333333332]
[-1.0,29.333333333333332]
[-1.0,-1.0]
[-1.0,-1.0]
[45.26923076923077,45.26923076923077]
[29.333333333333332,29.333333333333332]
[-1.0,-1.0]
[21.75,29.333333333333332]
[33.125,29.333333333333332]
[90.0,90.0]
[90.0,90.0]
[23.818181818181817,23.818181818181817]
[-1.0,-1.0]
[-1.0,44.5]
[90.0,44.5]
[90.0,90.0]
[90.0,90.0]
[59.666666666666664,44.5]
[-1.0,44.5]
[90.0,59.666666666666664]
[44.5,59.666666666666664]
[-1.0,-1.0]
[-1.0,-1.0]
[90.0,90.0]
[90.0,90.0]
[90.0,29.333333333333332]
[-1.0,29.333333333333332]
[-1.0,-1.0]
[90.0,90.0]
[-1.0,-1.0]
[100.0,100.0]
[-1.0,-1.0]
[49.5,43.23529411764706]
[42.4,43.23529411764706]
[-1.0,-1.0]
[-1.0,-1.0]
[-1.0,45.75]
[52.42857142857143,45.75]
[90.0,90.0]
[90.0,44.5]
[-1.0,44.5]
[90.0,44.5]
[-1.0,44.5]
[29.333333333333332,29.333333333333332]
[90.0,90.0]
[21.75,21.75]
[-1.0,-1.0]
[80.0,80.0]
[44.5,44.5]
[-1.0,-1.0]
[48.64705882352941,48.64705882352941]
[-1.0,-1.0]
[39.5,39.5]
[71.8,71.8]
[-1.0,-1.0]
[-1.0,44.5]
[90.0,44.5]
[-1.0,-1.0]
[44.5,44.5]
[-1.0,-1.0]
[-1.0,-1.0]
[-1.0,-1.0]
[90.0,90.0]
[90.0,90.0]
[-1.0,-1.0]
[-1.0,-1.0]
[35.4,35.4]
[90.0,90.0]
[90.0,90.0]
[-1.0,-1.0]
[33.75,54.42603550295858]
[56.588235294117645,54.42603550295858]
[46.333333333333336,56.0]
[54.0,56.0]
[90.0,56.0]
[90.0,90.0]
[90.0,90.0]
[90.0,90.0]
[90.0,44.5]
[-1.0,44.5]
[43.833333333333336,40.291666666666664]
[22.583333333333332,40.291666666666664]
[35.4,35.4]
[-1.0,-1.0]
[-1.0,-1.0]
[44.5,44.5]
[-1.0,-1.0]
[-1.0,-1.0]
[-1.0,-1.0]
[-1.0,-1.0]
[-1.0,-1.0]
[-1.0,-1.0]
[53.6,53.6]
[38.0,38.0]
[29.333333333333332,29.333333333333332]
[31.0,31.0]
[44.5,44.5]
[44.5,44.5]
[38.0,36.916666666666664]
[35.4,36.916666666666664]
[35.4,35.4]
[90.0,44.5]
[-1.0,44.5]
[44.5,44.5]
[-1.0,-1.0]
[77.375,77.375]
[-1.0,-1.0]
[21.75,21.75]
[90.0,90.0]
[53.6,53.6]
[90.0,90.0]
[-1.0,-1.0]
[-1.0,-1.0]
[44.5,44.5]
[59.666666666666664,29.333333333333332]
[-1.0,29.333333333333332]
[44.5,44.5]
[90.0,90.0]
[-1.0,-1.0]
[44.5,44.5]
[-1.0,-1.0]
[14.166666666666666,14.166666666666666]
[44.5,44.5]
[39.5,39.5]
[68.91666666666667,68.91666666666667]
[-1.0,-1.0]
[29.333333333333332,36.77272727272727]
[45.205882352941174,36.77272727272727]
[-1.0,36.77272727272727]
[-1.0,36.77272727272727]
[-1.0,-1.0]
[-1.0,33.125]
[29.333333333333332,33.125]
[44.5,33.125]
[37.4,37.4]
[90.0,90.0]
[-1.0,-1.0]
[29.333333333333332,29.333333333333332]
[44.5,44.5]
[44.5,44.5]
[59.666666666666664,59.666666666666664]
[59.666666666666664,59.666666666666664]
[56.73529411764706,56.73529411764706]
[41.06,41.06]
[29.333333333333332,29.333333333333332]
[-1.0,-1.0]
[43.96296296296296,43.96296296296296]
[36.4,56.92307692307692]
[69.75,56.92307692307692]
[24.25,24.25]
[71.8,46.89473684210526]
[19.22222222222222,46.89473684210526]
[51.0,51.0]
[29.333333333333332,29.333333333333332]
[44.5,44.5]
[90.0,90.0]
[59.666666666666664,65.91176470588235]
[90.0,65.91176470588235]
[64.89655172413794,65.91176470588235]
[-1.0,-1.0]
[21.75,21.75]
[-1.0,19.25]
[39.5,19.25]
[14.166666666666666,14.166666666666666]
[95.0,95.0]
[44.5,44.5]
[90.0,90.0]
[-1.0,-1.0]
[-1.0,-1.0]
[-1.0,-1.0]
[67.25,67.25]
[29.333333333333332,29.333333333333332]
[44.5,44.5]
[61.333333333333336,61.333333333333336]
[47.0,47.0]
[-1.0,-1.0]
[-1.0,-1.0]
[44.5,44.5]
[44.5,44.5]
[90.0,21.75]
[-1.0,21.75]
[-1.0,-1.0]
[-1.0,-1.0]
[-1.0,-1.0]
[38.166666666666664,41.89473684210526]
[48.285714285714285,41.89473684210526]
[-1.0,-1.0]
[59.666666666666664,59.666666666666664]
[90.0,90.0]
[44.5,44.5]
[27.88888888888889,27.88888888888889]
[67.25,67.25]
[90.0,90.0]
[32.666666666666664,32.666666666666664]
[29.333333333333332,29.333333333333332]
[-1.0,-1.0]
[-1.0,-1.0]
[-1.0,-1.0]
[75.8,75.8]
[44.5,44.5]
[70.25,70.25]
[29.333333333333332,29.333333333333332]
[-1.0,-1.0]
[-1.0,-1.0]
[-1.0,-1.0]
[-1.0,46.32]
[48.291666666666664,46.32]
[73.12658227848101,73.12658227848101]
[90.0,90.0]
[90.0,90.0]
[-1.0,-1.0]
[12.5,12.5]
[90.0,90.0]
[-1.0,-1.0]
[-1.0,-1.0]
[90.0,35.77272727272727]
[44.5,35.77272727272727]
[33.833333333333336,35.77272727272727]
[-1.0,35.77272727272727]
[44.5,37.4]
[32.666666666666664,37.4]
[-1.0,-1.0]
[-1.0,-1.0]
[-1.0,-1.0]
[90.0,59.666666666666664]
[-1.0,59.666666666666664]
[44.5,44.5]
[67.25,67.25]
[-1.0,-1.0]
[-1.0,-1.0]
[85.0,42.76923076923077]
[-1.0,42.76923076923077]
[42.90909090909091,42.76923076923077]
[-1.0,-1.0]
[55.285714285714285,55.285714285714285]
[-1.0,-1.0]
[44.5,44.5]
[80.0,80.0]
[-1.0,-1.0]
[29.333333333333332,29.333333333333332]
[-1.0,-1.0]
[90.0,90.0]
[-1.0,-1.0]
[44.5,44.5]
[59.13157894736842,59.13157894736842]
[-1.0,-1.0]
[-1.0,-1.0]
[-1.0,-1.0]
[-1.0,-1.0]
[17.2,17.2]
[56.57142857142857,56.57142857142857]
[42.833333333333336,42.833333333333336]
[24.25,24.25]
[-1.0,-1.0]
[59.666666666666664,59.666666666666664]
[90.0,90.0]
[35.4,34.0]
[29.333333333333332,34.0]
[-1.0,-1.0]
[-1.0,-1.0]
[-1.0,-1.0]
[-1.0,-1.0]
[-1.0,-1.0]
[-1.0,-1.0]
[40.285714285714285,40.285714285714285]
[38.0,38.0]
[54.6,54.6]
[-1.0,-1.0]
[67.25,67.25]
[90.0,90.0]
[-1.0,-1.0]
[-1.0,-1.0]
[90.0,90.0]
[-1.0,30.285714285714285]
[35.5,30.285714285714285]
[90.0,90.0]
[-1.0,-1.0]
[-1.0,-1.0]
[47.0,46.166666666666664]
[90.0,46.166666666666664]
[42.53846153846154,46.166666666666664]
[-1.0,30.11111111111111]
[34.0,30.11111111111111]
[-1.0,-1.0]
[58.96551724137931,58.96551724137931]
[44.5,44.5]
[44.5,44.5]
[59.666666666666664,59.666666666666664]
[51.77777777777778,51.77777777777778]
[90.0,90.0]
[-1.0,-1.0]
[44.5,44.5]
[-1.0,-1.0]
[-1.0,47.0]
[95.0,47.0]
[66.57971014492753,66.57971014492753]
[56.69724770642202,56.69724770642202]
[44.5,44.5]
[44.5,44.5]
[-1.0,-1.0]
[-1.0,-1.0]
[-1.0,-1.0]
[-1.0,-1.0]
[-1.0,-1.0]
[-1.0,-1.0]
[90.0,90.0]
[50.22222222222222,50.22222222222222]
[-1.0,-1.0]
[54.083333333333336,54.083333333333336]
[-1.0,-1.0]
[36.916666666666664,36.916666666666664]
[90.0,90.0]
[35.4,35.4]
[29.333333333333332,29.333333333333332]
[-1.0,-1.0]
[-1.0,-1.0]
[-1.0,-1.0]
[-1.0,-1.0]
[61.26315789473684,61.26315789473684]
[44.5,44.5]
[-1.0,-1.0]
[29.333333333333332,23.818181818181817]
[-1.0,23.818181818181817]
[35.4,23.818181818181817]
[29.333333333333332,29.333333333333332]
[44.5,44.5]
[62.0,62.0]
[-1.0,-1.0]
[90.0,90.0]
[44.5,44.5]
[95.0,95.0]
[44.5,44.5]
[90.0,90.0]
[95.0,95.0]
[44.5,21.75]
[-1.0,21.75]
[90.0,90.0]
[-1.0,-1.0]
[63.0,63.0]
[90.0,90.0]
[17.2,17.2]
[21.75,21.75]
[44.5,44.5]
[90.0,90.0]
[-1.0,-1.0]
[56.321739130434786,55.827586206896555]
[-1.0,55.827586206896555]
[29.108695652173914,29.108695652173914]
[90.25,90.25]
[26.428571428571427,42.8]
[57.125,42.8]
[90.0,90.0]
[-1.0,-1.0]
[20.916666666666668,20.916666666666668]
[78.875,78.875]
[90.0,95.0]
[100.0,95.0]
[-1.0,46.166666666666664]
[49.5,46.166666666666664]
[59.666666666666664,46.166666666666664]
[55.61538461538461,51.57142857142857]
[-1.0,51.57142857142857]
[60.333333333333336,60.333333333333336]
[14.166666666666666,14.166666666666666]
[63.0,63.0]
[62.64705882352941,62.64705882352941]
[44.5,44.5]
[-1.0,-1.0]
[-1.0,-1.0]
[-1.0,-1.0]
[24.25,24.25]
[-1.0,-1.0]
[44.5,44.5]
[44.5,44.5]
[-1.0,10.375]
[29.333333333333332,10.375]
[-1.0,10.375]
[-1.0,10.375]
[63.0,63.0]
[90.0,90.0]
[90.0,90.0]
[-1.0,-1.0]
[67.25,67.25]
[90.0,90.0]
[-1.0,-1.0]
[90.0,90.0]
[-1.0,-1.0]
[44.5,44.5]
[90.0,90.0]
[90.0,90.0]
[80.0,80.0]
[44.5,29.333333333333332]
[-1.0,29.333333333333332]
[44.5,29.333333333333332]
[-1.0,29.333333333333332]
[-1.0,-1.0]
[90.0,90.0]
[95.0,95.0]
[59.162962962962965,59.162962962962965]
[44.5,44.5]
[35.4,35.4]
[90.0,90.0]
[29.333333333333332,29.333333333333332]
[44.5,44.5]
[100.0,49.5]
[-1.0,49.5]
[49.5,49.5]
[57.375,58.0]
[59.666666666666664,58.0]
[49.5,49.5]
[-1.0,-1.0]
[-1.0,-1.0]
[-1.0,-1.0]
[90.0,59.666666666666664]
[44.5,59.666666666666664]
[44.5,44.5]
[32.75,32.75]
[36.57142857142857,36.57142857142857]
[-1.0,14.166666666666666]
[17.2,14.166666666666666]
[37.714285714285715,37.714285714285715]
[37.4,37.4]
[-1.0,-1.0]
[44.5,44.5]
[66.5,66.5]
[44.5,44.5]
[59.666666666666664,59.666666666666664]
[53.6,53.6]
[90.0,90.0]
[35.625,35.625]
[90.0,90.0]
[-1.0,-1.0]
[-1.0,-1.0]
[-1.0,-1.0]
[90.0,90.0]
[-1.0,-1.0]
[32.666666666666664,32.666666666666664]
[47.0,47.0]
[90.0,90.0]
[9.11111111111111,9.11111111111111]
[90.0,90.0]
[44.5,29.333333333333332]
[-1.0,29.333333333333332]
[-1.0,-1.0]
[44.5,44.5]
[50.86666666666667,56.8780487804878]
[59.96078431372549,56.8780487804878]
[52.6875,56.8780487804878]
[33.4,33.4]
[-1.0,-1.0]
[-1.0,-1.0]
[-1.0,-1.0]
[90.0,90.0]
[-1.0,-1.0]
[-1.0,-1.0]
[21.75,21.75]
[-1.0,-1.0]
[29.333333333333332,29.333333333333332]
[-1.0,-1.0]
[-1.0,-1.0]
[-1.0,-1.0]
[90.0,90.0]
[90.0,90.0]
[32.666666666666664,27.857142857142858]
[49.5,27.857142857142858]
[-1.0,27.857142857142858]
[21.75,21.75]
[-1.0,-1.0]
[90.0,89.5]
[89.0,89.5]
[90.0,90.0]
[-1.0,-1.0]
[-1.0,-1.0]
[90.0,90.0]
[-1.0,24.25]
[49.5,24.25]
[21.444444444444443,21.444444444444443]
[44.5,53.6]
[90.0,53.6]
[100.0,100.0]
[-1.0,-1.0]
[90.0,90.0]
[69.75,69.75]
[61.333333333333336,61.333333333333336]
[80.0,80.0]
[-1.0,-1.0]
[90.0,90.0]
[-1.0,-1.0]
[100.0,100.0]
[-1.0,-1.0]
[-1.0,-1.0]
[-1.0,-1.0]
[46.34090909090909,46.34090909090909]
[90.0,90.0]
[39.42857142857143,39.42857142857143]
[90.0,54.59090909090909]
[52.904761904761905,54.59090909090909]
[57.6,57.6]
[-1.0,-1.0]
[-1.0,-1.0]
[-1.0,-1.0]
[91.0,91.0]
[90.0,90.0]
[90.0,90.0]
[44.5,59.666666666666664]
[90.0,59.666666666666664]
[44.5,44.5]
[-1.0,-1.0]
[90.0,90.0]
[30.166666666666668,30.166666666666668]
[44.68,44.68]
[-1.0,-1.0]
[90.0,90.0]
[33.125,33.125]
[-1.0,-1.0]
[54.4,54.4]
[-1.0,-1.0]
[29.333333333333332,29.333333333333332]
[47.0,47.0]
[-1.0,-1.0]
[-1.0,-1.0]
[46.833333333333336,46.833333333333336]
[35.4,35.4]
[44.5,44.5]
[90.0,90.0]
[44.5,44.5]
[29.333333333333332,29.333333333333332]
[90.0,90.0]
[-1.0,-1.0]
[77.0,77.0]
[-1.0,-1.0]
[19.2,19.2]
[-1.0,-1.0]
[-1.0,-1.0]
[60.77777777777778,60.77777777777778]
[-1.0,-1.0]
[100.0,100.0]
[67.25,67.25]
[39.4,27.529411764705884]
[-1.0,27.529411764705884]
[34.375,27.529411764705884]
[49.5,49.5]
[42.75,34.0]
[-1.0,34.0]
[45.733333333333334,47.627906976744185]
[49.707317073170735,47.627906976744185]
[40.36363636363637,40.36363636363637]
[19.22222222222222,19.22222222222222]
[21.75,21.75]
[17.2,17.2]
[44.5,44.5]
[69.75,55.6]
[-1.0,55.6]
[100.0,49.5]
[-1.0,49.5]
[90.0,59.666666666666664]
[44.5,59.666666666666664]
[-1.0,-1.0]
[-1.0,-1.0]
[90.0,90.0]
[-1.0,-1.0]
[-1.0,69.75]
[93.33333333333333,69.75]
[90.0,90.0]
[-1.0,-1.0]
[-1.0,-1.0]
[29.333333333333332,29.333333333333332]
[37.4,37.4]
[90.0,90.0]
[-1.0,45.75]
[69.75,45.75]
[29.333333333333332,45.75]
[-1.0,-1.0]
[19.2,19.2]
[25.0,25.0]
[32.666666666666664,32.666666666666664]
[53.875,56.28333333333333]
[90.0,56.28333333333333]
[-1.0,-1.0]
[21.75,21.75]
[-1.0,-1.0]
[44.5,44.5]
[-1.0,-1.0]
[31.0,31.0]
[-1.0,-1.0]
[-1.0,29.333333333333332]
[44.5,29.333333333333332]
[48.73737373737374,48.73737373737374]
[-1.0,-1.0]
[-1.0,-1.0]
[47.5,47.5]
[-1.0,39.44444444444444]
[44.5,39.44444444444444]
[67.25,67.25]
[37.666666666666664,37.666666666666664]
[90.0,90.0]
[44.5,44.5]
[63.0,63.0]
[-1.0,-1.0]
[21.75,21.75]
[29.333333333333332,21.75]
[-1.0,21.75]
[-1.0,-1.0]
[-1.0,-1.0]
[-1.0,-1.0]
[-1.0,-1.0]
[100.0,49.5]
[-1.0,49.5]
[90.0,90.0]
[90.0,90.0]
[-1.0,-1.0]
[59.666666666666664,59.666666666666664]
[44.5,32.25]
[28.166666666666668,32.25]
[47.75,47.75]
[53.6,53.6]
[-1.0,-1.0]
[-1.0,-1.0]
[-1.0,-1.0]
[90.0,90.0]
[-1.0,-1.0]
[-1.0,-1.0]
